1 version Alan
37 num components
1822 -4 -2 0 1
1822 -4 -3 0 1 1
1822 -3 -2 0 1
1822 -3 -4 0 1
1822 -4 -4 0 1
1822 -3 -3 0 1 1
6570 -4 -4 5 1
6570 -4 -2 5 1
8704 -5 -3 5 1
8704 -5 -4 5 1
8704 -5 -2 5 1
17100 -4 -3 5 1
17121 -2 -3 0 1 1
633 -3 -4 5 1
634 -3 -2 5 1
635 -3 -2 5 1
3246 -2 -2 0 1
3247 -2 -4 0 1
3314 -4 -2 5 1
3314 -4 -4 5 1
3314 -2 -2 -7 1
3314 -2 -4 -6 1
633 -3 -1 0 1
3379 -4 -2 5 1
3379 -4 -1 0 1
3246 -3 -1 0 1
3246 -4 -1 0 1
4309 -4 -1 0 1
6230 -3 -2 8 1
3314 -3 0 0 1
2810 -1 -3 0 1 1
2804 0 -3 0 1 1
3239 -5 -2 0 1
3373 -5 -1 0 1
3375 -3 -3 0 1
3252 -3 -2 0 1
3252 -2 -2 0 1
