1 version Alan
503 num components
2565 -4 5 0 1
2565 -4 5 0 1
5566 -4 9 0 1
5677 -4 5 -31 1 1
5676 -4 6 -31 1 1
9900 -4 7 -16 1 1161
5675 -4 7 -31 1 1
1303 -5 14 -1 1
1302 2 2 -20 1
1302 2 1 -20 1
1303 1 1 -20 1
1303 1 2 -20 1
1304 0 1 -20 1
1303 0 2 -20 1
1302 4 0 -20 1
1301 5 2 -20 1
1302 5 1 -20 1
20710 1 2 0 1
20710 1 1 0 1
1302 4 -1 -20 1
20710 1 0 0 1
20710 0 2 0 1
1301 3 -1 -20 1
1302 3 0 -20 1
20710 0 1 0 1
20710 0 0 0 1
2565 4 -2 -3 1
1301 5 0 -20 1
20715 -1 0 0 1
20705 -1 -1 0 1
1301 5 -1 -20 1
20715 -1 1 0 1
20715 -1 2 0 1
1301 4 2 -20 1
1303 4 1 -20 1
1302 2 0 -20 1
1303 1 -1 -20 1
1301 1 0 -20 1
1301 2 -1 -20 1
1313 -1 -1 -20 1
1329 -1 -1 -20 1
1303 0 0 -20 1
1304 0 -1 -20 1
1303 -1 -1 -20 1
1304 -1 0 -20 1
1304 -1 1 -20 1
1303 -1 2 -20 1
5493 -3 0 0 1
5494 -1 -1 0 1
1299 3 0 0 1
16449 1 0 0 1
19246 3 -1 2 1
19246 2 -1 0 1
1300 2 0 0 1
16423 2 0 0 1
15786 7 -1 0 1
16449 4 0 0 1
1298 3 1 0 1
19245 4 -1 4 1
2432 1 -1 10 1
19244 1 -1 2 1
16424 3 0 0 1
2432 4 -1 10 1
12421 4 -1 -20 1
2433 4 -1 0 1
2433 1 -1 0 1
1298 2 1 0 1
20709 4 1 0 1
20709 4 0 0 1
20709 4 2 0 1
20709 5 0 0 1
20709 5 1 0 1
20709 5 2 0 1
20709 6 2 0 1
20709 6 1 0 1
20709 6 0 0 1
20709 7 0 0 1
20709 8 0 0 1
20709 9 0 0 1
20709 7 1 0 1
20709 8 1 0 1
20709 9 1 0 1
20709 9 2 0 1
20709 8 2 0 1
20709 7 2 0 1
20717 0 -1 0 1
20717 4 -1 0 1
20717 5 -1 0 1
20717 6 -1 0 1
20717 7 -1 0 1
20717 8 -1 0 1
20717 9 -1 0 1
18747 4 0 4 1
18747 1 0 4 1
16449 5 -1 0 1
6235 2 -1 -15 1
6246 -1 0 -20 1
5737 6 1 0 1
6234 3 -1 -15 1
17097 5 -1 5 1
17101 3 0 5 1
17099 2 0 5 1
17193 3 1 0 1
17192 2 1 0 1
17194 2 2 0 1
17195 3 2 0 1
1301 10 -1 -20 1
1304 9 -1 -20 1
1304 8 -1 -20 1
1301 7 -1 -20 1
1304 6 -1 -20 1
1301 6 0 -20 1
1330 7 0 -20 1
1302 7 0 -20 1
1302 8 0 -20 1
1301 9 0 -20 1
1301 6 1 -20 1
1303 7 1 -20 1
1301 8 1 -20 1
1303 9 1 -20 1
1302 9 2 -20 1
1301 8 2 -20 1
1304 7 2 -20 1
1304 6 2 -20 1
1314 1 0 -20 1
1315 2 0 -20 1
1313 3 0 -20 1
1315 1 2 -20 1
1313 1 1 -20 1
1313 2 -1 -15 1
1314 2 1 -20 1
1315 4 0 -20 1
1314 4 1 -20 1
1316 5 0 -20 1
1314 5 1 -20 1
1313 6 0 -20 1
1316 6 1 -20 1
1313 7 1 -20 1
1313 7 0 -20 1
1316 8 1 -20 1
1314 8 0 -20 1
1314 9 1 -20 1
1314 9 0 -20 1
1979 -3 2 -15 1
1979 -2 2 -15 1
1979 -3 1 -10 1
1979 -2 1 -10 1
1978 -3 0 -8 1
1978 -3 -1 -6 1
1978 -2 -1 -6 1
1978 -2 0 -8 1
1978 -2 2 -20 1
1978 -2 1 -20 1
1978 -2 0 -20 1
1978 -2 -1 -20 1
1978 -2 1 -15 1
1978 -2 0 -15 1
1978 -2 -1 -15 1
1978 -2 -1 -13 1
1978 -2 0 -14 1
1314 -1 0 -20 1
1316 0 0 -20 1
1313 0 1 -20 1
1313 0 -1 -20 1
6570 9 2 -20 1
5506 2 -1 -20 1
5494 9 -1 4 1
5484 7 -1 3 1
11743 11 1 20 1
12409 3 -1 -20 1
12410 1 -1 -19 1
12409 2 -1 -20 1
4017 0 -1 -20 1
4015 -1 -1 -20 1
4022 1 1 -20 1
4021 -1 -1 -15 1
4203 -1 2 -20 1
1303 12 -1 0 1
4982 0 2 -20 1
4983 1 2 -20 1
5058 -1 0 -15 1
5057 -1 -1 -15 1
5066 0 -1 -15 1
5064 -1 -1 -14 1
5051 2 2 -20 1
5553 -3 2 0 1
1298 8 2 -20 1
1298 9 2 -20 1
5469 3 -1 -20 1
2602 0 0 -20 1
2602 0 1 -20 1
2602 1 0 -20 1
2602 2 0 -20 1
2602 3 0 -20 1
12420 5 -1 -20 1
5368 7 0 -20 1
5736 6 2 0 1
4633 5 2 0 1
4633 5 1 0 1
5736 7 2 0 1
5736 7 2 0 1
5736 8 2 0 1
5737 7 1 0 1
5737 8 1 0 1
4635 9 2 0 1
4635 9 1 0 1
7000 9 -1 -20 1
6998 8 -1 -20 1
7010 9 0 -20 1
6999 8 0 -20 1
6989 7 0 -20 1
7011 7 -1 -20 1
7020 7 -2 0 1
7020 7 -1 -20 1
7020 1 -1 -20 1
7150 6 0 -20 1
7978 -1 2 0 1
12533 8 -1 -20 1
12533 7 -1 -20 1
12633 4 -1 -20 1
16443 4 -2 0 1
1304 7 -1 -20 1
12427 4 2 -20 1
12427 5 2 -20 1
12427 1 2 0 1
6570 -1 1 0 1
1316 8 2 -20 1
1316 9 2 -20 1
5484 11 -1 3 1
7717 7 1 6 1
17097 0 -1 5 1
1304 10 0 -20 1
1304 10 1 -20 1
1304 10 2 -20 1
20709 10 0 0 1
20709 10 1 0 1
20709 10 2 0 1
20717 10 -1 0 1
9934 2 -1 0 1
1302 2 4 -20 1
1302 2 3 -20 1
19207 4 13 -10 1
1304 1 3 -20 1
1304 1 4 -20 1
1301 1 5 -20 1
19207 4 12 -5 1
1304 1 6 -20 1
1304 0 6 -20 1
1302 -1 6 -20 1
1301 0 3 -20 1
20710 1 4 0 1
20715 -1 5 0 1
20715 -1 6 0 1
1304 5 3 -20 1
1303 4 3 -20 1
1304 3 3 -20 1
20710 0 4 0 1
20710 1 3 0 1
19205 3 12 -5 1
20710 0 3 0 1
19207 1 13 -10 1
11502 2 11 0 1
19207 1 12 -5 1
19205 2 13 -10 1
1301 2 6 -20 1
1302 2 5 -20 1
19205 2 12 -5 1
20715 -1 3 0 1
20715 -1 4 0 1
19205 3 13 -10 1
1304 0 4 -20 1
1302 0 5 -20 1
1301 -1 5 -20 1
1303 -1 4 -20 1
1314 -2 5 -20 1
1314 -3 5 -20 1
1313 -2 4 -20 1
1313 -3 4 -20 1
1302 -1 3 -20 1
1302 -2 6 -20 1
1304 -2 5 -20 1
1303 -3 6 -20 1
1301 -2 4 -20 1
1302 -3 5 -20 1
1304 -3 4 -20 1
1298 2 3 0 1
1298 3 3 0 1
1298 2 4 0 1
1299 3 4 0 1
3215 4 10 0 1
3215 4 9 0 1
3215 1 9 0 1
3215 1 10 0 1
3215 1 11 0 1
3215 4 11 0 1
15786 4 13 -3 1
15786 1 13 -3 1
6570 1 12 0 1
6570 4 12 0 1
1300 3 5 0 1
1299 2 5 0 1
1298 3 6 0 1
1299 3 7 0 1
1300 2 6 0 1
1297 2 7 0 1
1299 3 11 0 1
1297 2 11 0 1
1300 3 10 0 1
1299 2 10 0 1
1300 2 9 0 1
12427 4 4 -20 1
1297 3 9 0 1
1300 2 8 0 1
1311 2 8 0 1
1175 2 8 0 1
11502 2 9 0 1
11502 3 9 0 1
11502 3 10 0 1
11502 2 10 0 1
11502 3 11 0 1
20710 0 5 0 1
3634 0 3 -20 1
20710 1 5 0 1
20710 1 6 0 1
20710 0 6 0 1
20710 0 7 0 1
20710 1 7 0 1
20709 4 3 0 1
20709 4 4 0 1
20709 4 5 0 1
20709 4 6 0 1
20709 5 3 0 1
20709 5 5 0 1
20710 5 6 0 1
20709 6 6 0 1
20709 6 5 0 1
20709 6 4 0 1
20709 6 3 0 1
20709 7 3 0 1
20709 8 3 0 1
20709 9 3 0 1
20709 7 4 0 1
20709 8 4 0 1
20709 9 4 0 1
20709 7 5 0 1
20709 8 5 0 1
20709 9 5 0 1
20709 7 6 0 1
20709 8 6 0 1
20709 9 6 0 1
5736 6 3 0 1
5736 6 3 0 1
1301 -1 8 -20 1
1302 0 8 -20 1
1301 1 8 -20 1
1301 2 8 -20 1
1302 3 8 -20 1
1301 3 4 -20 1
1301 4 4 -20 1
3905 -2 5 -20 1
1304 4 8 -20 1
1304 3 6 -20 1
1302 3 5 -20 1
1302 4 5 -20 1
1304 5 5 -20 1
1301 4 6 -20 1
1301 5 6 -20 1
1303 7 8 -20 1
1302 8 8 -20 1
1303 9 8 -20 1
1302 10 8 -20 1
1302 10 7 -20 1
1301 10 6 -20 1
1303 10 5 -20 1
1301 10 3 -20 1
1303 6 3 -20 1
1301 7 3 -20 1
1301 8 3 -20 1
1303 9 3 -20 1
1303 6 4 -20 1
1301 7 4 -20 1
1302 8 4 -20 1
1301 9 4 -20 1
1302 9 5 -20 1
1303 9 6 -20 1
1304 8 5 -20 1
1301 7 5 -20 1
1302 6 5 -20 1
1304 8 6 -20 1
1302 7 6 -20 1
1301 6 6 -20 1
1314 -1 5 -20 1
1313 -1 4 -20 1
1313 0 5 -20 1
1315 0 4 -20 1
1316 1 4 -20 1
1314 1 3 -20 1
1314 1 5 -20 1
1314 2 3 -20 1
1315 2 4 -20 1
1315 2 5 -20 1
1314 1 6 -20 1
1313 2 6 -20 1
1315 3 6 -20 1
1316 4 6 -20 1
1315 5 6 -20 1
1315 6 6 -20 1
1316 7 6 -20 1
1315 8 6 -20 1
1314 9 6 -20 1
1979 -3 3 -20 1
1979 -2 3 -20 1
17102 -3 5 -18 1
5396 -3 3 0 1
5601 -3 4 0 1
1296 5 6 -20 1
1299 9 3 -20 1
1298 9 4 -20 1
1297 8 3 -20 1
1300 8 4 -20 1
1315 9 5 -20 1
1313 8 5 -20 1
5566 11 9 4 1
6570 9 5 -20 1
6658 11 5 20 1
2492 7 3 6 1
6264 2 3 -20 1
6263 1 3 -20 1
1301 5 4 -20 1
4633 5 3 0 1
4633 5 5 0 1
5735 7 5 0 1
5735 8 5 0 1
5736 7 4 0 1
5736 7 3 0 1
5736 8 4 0 1
5736 8 3 0 1
4635 9 5 0 1
4635 9 4 0 1
4635 9 3 0 1
6586 2 3 -20 1
7135 -3 5 -20 1
7576 9 3 -20 1
7978 -1 5 0 1
7978 -1 4 0 1
7978 -1 3 0 1
6570 -1 6 0 1
12533 4 4 -20 1
12426 3 5 -20 1
12426 5 5 -20 1
1299 3 8 0 1
59 8 8 0 1
12426 4 5 -20 1
1300 2 8 0 1
1302 4 4 -20 1
12426 5 3 -20 1
12426 4 3 -20 1
12427 3 4 -20 1
12427 5 4 -20 1
12427 1 4 0 1
12426 1 5 0 1
12426 1 3 0 1
59 7 8 0 1
5487 -3 7 -20 1 1161
5493 -3 8 0 1
5735 6 5 0 1
7186 7 4 6 1
1303 -3 7 -20 1
1303 -2 7 -20 1
1303 -1 7 -20 1
1303 0 7 -20 1
1303 1 7 -20 1
1303 2 7 -20 1
1303 3 7 -20 1
1303 4 7 -20 1
1303 5 7 -20 1
1303 6 7 -20 1
1303 7 7 -20 1
1303 8 7 -20 1
1303 9 7 -20 1
1303 -3 8 -20 1
1303 -2 8 -20 1
7575 9 4 -20 1
1304 10 4 -20 1
1304 6 8 -20 1
1304 5 8 -20 1
20709 10 3 0 1
20709 10 4 0 1
20709 10 5 0 1
20709 10 6 0 1
20709 10 7 0 1
20709 4 7 0 1
20709 5 7 0 1
20709 6 7 0 1
20709 7 7 0 1
20709 8 7 0 1
20709 9 7 0 1
20709 -3 7 0 1
20709 -2 7 0 1
20709 -1 7 0 1
20709 5 4 0 1
12427 7 3 -20 1
12426 7 4 -20 1
