1 version Thalack
4670 num components
6042 -43 -73 -9 1
6039 -43 -72 -9 1
6039 -42 -74 -9 1
6039 -42 -73 -9 1
6058 -42 -72 -9 1
6016 -42 -72 -10 1
6039 -41 -74 -9 1
6014 -41 -73 -10 1
6058 -41 -73 -9 1
6015 -41 -72 -10 1
6055 -41 -72 -9 1
6040 -40 -75 -9 1
6041 -40 -74 -9 1
6015 -40 -73 -10 1
6049 -40 -73 -9 1
6014 -40 -72 -10 1
6042 -39 -75 -9 1
6014 -39 -74 -10 1
6058 -39 -74 -9 1
6013 -39 -73 -10 1
6055 -39 -73 -9 1
6016 -39 -72 -10 1
6043 -38 -75 -9 1
6014 -38 -74 -10 1
6049 -38 -74 -9 1
6016 -38 -73 -10 1
6015 -38 -72 -10 1
6042 -37 -75 -9 1
6049 -37 -74 -9 1
6016 -37 -74 -10 1
6013 -37 -73 -10 1
6013 -37 -72 -10 1
6043 -36 -75 -9 1
6049 -36 -74 -9 1
6015 -36 -74 -10 1
6013 -36 -73 -10 1
6015 -36 -72 -10 1
3144 -36 -72 -10 1
6041 -44 -71 -9 1
6040 -44 -70 -9 1
6043 -44 -69 -9 1
6039 -44 -68 -9 1
6042 -44 -67 -9 1
6042 -44 -66 -9 1
6042 -44 -65 -9 1
6041 -43 -71 -9 1
6013 -43 -70 -10 1
6058 -43 -70 -9 1
6013 -43 -69 -10 1
6045 -43 -69 -9 1
6045 -43 -68 -9 1
6016 -43 -68 -10 1
6045 -43 -67 -9 1
6015 -43 -67 -10 1
6057 -43 -66 -9 1
6016 -43 -66 -10 1
6043 -43 -65 -9 1
6039 -43 -64 -9 1
6042 -43 -59 -9 1
6039 -43 -58 -9 1
6040 -43 -57 -9 1
6041 -43 -56 -9 1
6045 -42 -71 -9 1
6013 -42 -71 -10 1
6055 -42 -70 -9 1
6014 -42 -70 -10 1
6013 -42 -69 -10 1
6016 -42 -68 -10 1
6014 -42 -67 -10 1
6053 -42 -66 -9 1
6013 -42 -66 -10 1
6057 -42 -65 -9 1
6015 -42 -65 -10 1
6039 -42 -64 -9 1
6041 -42 -63 -9 1
6040 -42 -62 -9 1
6040 -42 -61 -9 1
6042 -42 -60 -9 1
6040 -42 -59 -9 1
6058 -42 -58 -9 1
6016 -42 -58 -10 1
6004 -42 -58 -10 1
6045 -42 -57 -9 1
6016 -42 -57 -10 1
6011 -42 -57 -10 1
6045 -42 -56 -9 1
6014 -42 -56 -10 1
6013 -41 -71 -10 1
6013 -41 -70 -10 1
3379 -41 -70 -10 1
6016 -41 -69 -10 1
6015 -41 -68 -10 1
6013 -41 -67 -10 1
3149 -41 -67 -10 1
6014 -41 -66 -10 1
6014 -41 -65 -10 1
6053 -41 -65 -9 1
6014 -41 -64 -10 1
6045 -41 -64 -9 1
6014 -41 -63 -10 1
6045 -41 -63 -9 1
6015 -41 -62 -10 1
6045 -41 -62 -9 1
6016 -41 -61 -10 1
6045 -41 -61 -9 1
6013 -41 -60 -10 1
6045 -41 -60 -9 1
6016 -41 -59 -10 1
6045 -41 -59 -9 1
6003 -41 -59 -10 1
6014 -41 -58 -10 1
6055 -41 -58 -9 1
6006 -41 -58 -10 1
6016 -41 -57 -10 1
6002 -41 -57 -10 1
6013 -41 -56 -10 1
6005 -41 -56 -10 1
6016 -40 -71 -10 1
6015 -40 -70 -10 1
6015 -40 -69 -10 1
3299 -40 -69 -10 1
3301 -40 -69 -10 1
6013 -40 -68 -10 1
6015 -40 -67 -10 1
6013 -40 -66 -10 1
3302 -40 -66 -10 1
3304 -40 -66 -10 1
6015 -40 -65 -10 1
6016 -40 -64 -10 1
6015 -40 -63 -10 1
6016 -40 -62 -10 1
6013 -40 -61 -10 1
3147 -40 -61 -10 1
6015 -40 -60 -10 1
3299 -40 -60 -10 1
3301 -40 -60 -10 1
6013 -40 -59 -10 1
3378 -40 -59 -10 1
6013 -40 -58 -10 1
3205 -40 -58 -10 1
6016 -40 -57 -10 1
3379 -40 -57 -10 1
6014 -40 -56 -10 1
6014 -39 -71 -10 1
6015 -39 -70 -10 1
6013 -39 -69 -10 1
6014 -39 -68 -10 1
6013 -39 -67 -10 1
6016 -39 -66 -10 1
6015 -39 -65 -10 1
6016 -39 -64 -10 1
6016 -39 -63 -10 1
6015 -39 -62 -10 1
6016 -39 -61 -10 1
6015 -39 -60 -10 1
6014 -39 -59 -10 1
6014 -39 -58 -10 1
6014 -39 -57 -10 1
3392 -39 -57 -10 1
6016 -39 -56 -10 1
6016 -38 -71 -10 1
6013 -38 -70 -10 1
6013 -38 -69 -10 1
6015 -38 -68 -10 1
6016 -38 -67 -10 1
6013 -38 -66 -10 1
6013 -38 -65 -10 1
6016 -38 -64 -10 1
6016 -38 -63 -10 1
6014 -38 -62 -10 1
6015 -38 -61 -10 1
3149 -38 -61 -10 1
6016 -38 -60 -10 1
6014 -38 -59 -10 1
6016 -38 -58 -10 1
3145 -38 -58 -10 1
6013 -38 -57 -10 1
6014 -38 -56 -10 1
3145 -38 -56 -10 1
6015 -37 -71 -10 1
6016 -37 -70 -10 1
6013 -37 -69 -10 1
6016 -37 -68 -10 1
6015 -37 -67 -10 1
6016 -37 -66 -10 1
6015 -37 -65 -10 1
6015 -37 -64 -10 1
6013 -37 -63 -10 1
6013 -37 -62 -10 1
6016 -37 -61 -10 1
6014 -37 -60 -10 1
6014 -37 -59 -10 1
6016 -37 -58 -10 1
6013 -37 -57 -10 1
6013 -37 -56 -10 1
6015 -36 -71 -10 1
3280 -36 -71 -10 1
3281 -36 -71 -10 1
6013 -36 -70 -10 1
6016 -36 -69 -10 1
6016 -36 -68 -10 1
6015 -36 -67 -10 1
3302 -36 -67 -10 1
3303 -36 -67 -10 1
6016 -36 -66 -10 1
6014 -36 -65 -10 1
6013 -36 -64 -10 1
6014 -36 -63 -10 1
6014 -36 -62 -10 1
6015 -36 -61 -10 1
3288 -36 -61 -10 1
3289 -36 -61 -10 1
6015 -36 -60 -10 1
6016 -36 -59 -10 1
6016 -36 -58 -10 1
6016 -36 -57 -10 1
3290 -36 -57 -10 1
3291 -36 -57 -10 1
6016 -36 -56 -10 1
6043 -49 -52 -9 1
6058 -49 -51 -9 1
6014 -49 -51 -10 1
6045 -49 -50 -9 1
6013 -49 -50 -10 1
6045 -49 -49 -9 1
6016 -49 -49 -10 1
6045 -49 -48 -9 1
6016 -49 -48 -10 1
6045 -49 -47 -9 1
6016 -49 -47 -10 1
6045 -49 -46 -9 1
6015 -49 -46 -10 1
6055 -49 -45 -9 1
6016 -49 -45 -10 1
6014 -49 -44 -10 1
6014 -49 -43 -10 1
6013 -49 -42 -10 1
6015 -49 -41 -10 1
6013 -49 -40 -10 1
3214 -49 -40 -10 1
6041 -48 -53 -9 1
6039 -48 -52 -9 1
6049 -48 -51 -9 1
6015 -48 -51 -10 1
6013 -48 -50 -10 1
6014 -48 -49 -10 1
3290 -48 -49 -10 1
3291 -48 -49 -10 1
6015 -48 -48 -10 1
6014 -48 -47 -10 1
3230 -48 -47 -10 1
6013 -48 -46 -10 1
6016 -48 -45 -10 1
6016 -48 -44 -10 1
3288 -48 -44 -10 1
3289 -48 -44 -10 1
6015 -48 -43 -10 1
6013 -48 -42 -10 1
6013 -48 -41 -10 1
6015 -48 -40 -10 1
6042 -47 -53 -9 1
6058 -47 -52 -9 1
6015 -47 -52 -10 1
6014 -47 -51 -10 1
6055 -47 -51 -9 1
6016 -47 -50 -10 1
6016 -47 -49 -10 1
3205 -47 -49 -10 1
6016 -47 -48 -10 1
6016 -47 -47 -10 1
6014 -47 -46 -10 1
6014 -47 -45 -10 1
6015 -47 -44 -10 1
6013 -47 -43 -10 1
6016 -47 -42 -10 1
6015 -47 -41 -10 1
6014 -47 -40 -10 1
6042 -46 -53 -9 1
6049 -46 -52 -9 1
6014 -46 -52 -10 1
6015 -46 -51 -10 1
6016 -46 -50 -10 1
6016 -46 -49 -10 1
6016 -46 -48 -10 1
6014 -46 -47 -10 1
6016 -46 -46 -10 1
6016 -46 -45 -10 1
6016 -46 -44 -10 1
6013 -46 -43 -10 1
6013 -46 -42 -10 1
6013 -46 -41 -10 1
6016 -46 -40 -10 1
6043 -45 -53 -9 1
6049 -45 -52 -9 1
6013 -45 -52 -10 1
6013 -45 -51 -10 1
6014 -45 -50 -10 1
13002 -45 -50 -10 1
6014 -45 -49 -10 1
13002 -45 -49 -10 1
6014 -45 -48 -10 1
13002 -45 -48 -10 1
6014 -45 -47 -10 1
13002 -45 -47 -10 1
6014 -45 -46 -10 1
13002 -45 -46 -10 1
6014 -45 -45 -10 1
13002 -45 -45 -10 1
6014 -45 -44 -10 1
13002 -45 -44 -10 1
6014 -45 -43 -10 1
13002 -45 -43 -10 1
6014 -45 -42 -10 1
13002 -45 -42 -10 1
6014 -45 -41 -10 1
13002 -45 -41 -10 1
6014 -45 -40 -10 1
13002 -45 -40 -10 1
6042 -44 -54 -9 1
6040 -44 -53 -9 1
6049 -44 -52 -9 1
6015 -44 -52 -10 1
6015 -44 -51 -10 1
6016 -44 -50 -10 1
13001 -44 -50 -10 1
6015 -44 -49 -10 1
13001 -44 -49 -10 1
3190 -44 -49 -10 1
6015 -44 -48 -10 1
13001 -44 -48 -10 1
3190 -44 -48 -10 1
6015 -44 -47 -10 1
13001 -44 -47 -10 1
3176 -44 -47 -10 1
6015 -44 -46 -10 1
13001 -44 -46 -10 1
3190 -44 -46 -10 1
6015 -44 -45 -10 1
13001 -44 -45 -10 1
6015 -44 -44 -10 1
13001 -44 -44 -10 1
3183 -44 -44 -10 1
6015 -44 -43 -10 1
13001 -44 -43 -10 1
3183 -44 -43 -10 1
6015 -44 -42 -10 1
13001 -44 -42 -10 1
3183 -44 -42 -10 1
6015 -44 -41 -10 1
13001 -44 -41 -10 1
3183 -44 -41 -10 1
6014 -44 -40 -10 1
13001 -44 -40 -10 1
6042 -43 -55 -9 1
6043 -43 -54 -9 1
6015 -43 -53 -10 1
6058 -43 -53 -9 1
6055 -43 -52 -9 1
6015 -43 -52 -10 1
6015 -43 -51 -10 1
6015 -43 -50 -10 1
13001 -43 -50 -10 1
6015 -43 -49 -10 1
13001 -43 -49 -10 1
3176 -43 -49 -10 1
6015 -43 -48 -10 1
13001 -43 -48 -10 1
3190 -43 -48 -10 1
6015 -43 -47 -10 1
13001 -43 -47 -10 1
3190 -43 -47 -10 1
6015 -43 -46 -10 1
13001 -43 -46 -10 1
3177 -43 -46 -10 1
6015 -43 -45 -10 1
13001 -43 -45 -10 1
6015 -43 -44 -10 1
13001 -43 -44 -10 1
3183 -43 -44 -10 1
6015 -43 -43 -10 1
13001 -43 -43 -10 1
3183 -43 -43 -10 1
6015 -43 -42 -10 1
13001 -43 -42 -10 1
3183 -43 -42 -10 1
6015 -43 -41 -10 1
13001 -43 -41 -10 1
3183 -43 -41 -10 1
6014 -43 -40 -10 1
13001 -43 -40 -10 1
6045 -42 -55 -9 1
6013 -42 -55 -10 1
6045 -42 -54 -9 1
6015 -42 -54 -10 1
6055 -42 -53 -9 1
6014 -42 -53 -10 1
6013 -42 -52 -10 1
6016 -42 -51 -10 1
6014 -42 -50 -10 1
13001 -42 -50 -10 1
6015 -42 -49 -10 1
13001 -42 -49 -10 1
3190 -42 -49 -10 1
6015 -42 -48 -10 1
13001 -42 -48 -10 1
3190 -42 -48 -10 1
6015 -42 -47 -10 1
13001 -42 -47 -10 1
3190 -42 -47 -10 1
6015 -42 -46 -10 1
13001 -42 -46 -10 1
3190 -42 -46 -10 1
6015 -42 -45 -10 1
13001 -42 -45 -10 1
6015 -42 -44 -10 1
13001 -42 -44 -10 1
3183 -42 -44 -10 1
6015 -42 -43 -10 1
13001 -42 -43 -10 1
3183 -42 -43 -10 1
6015 -42 -42 -10 1
13001 -42 -42 -10 1
3183 -42 -42 -10 1
6015 -42 -41 -10 1
13001 -42 -41 -10 1
3183 -42 -41 -10 1
6014 -42 -40 -10 1
13001 -42 -40 -10 1
6015 -41 -55 -10 1
6012 -41 -55 -10 1
6015 -41 -54 -10 1
3378 -41 -54 -10 1
6015 -41 -53 -10 1
6015 -41 -52 -10 1
6016 -41 -51 -10 1
6013 -41 -50 -10 1
13001 -41 -50 -10 1
6015 -41 -49 -10 1
13001 -41 -49 -10 1
3176 -41 -49 -10 1
6015 -41 -48 -10 1
13001 -41 -48 -10 1
3190 -41 -48 -10 1
6015 -41 -47 -10 1
13001 -41 -47 -10 1
3190 -41 -47 -10 1
6015 -41 -46 -10 1
13001 -41 -46 -10 1
3190 -41 -46 -10 1
6015 -41 -45 -10 1
13001 -41 -45 -10 1
6015 -41 -44 -10 1
13001 -41 -44 -10 1
3183 -41 -44 -10 1
6015 -41 -43 -10 1
13001 -41 -43 -10 1
3183 -41 -43 -10 1
6015 -41 -42 -10 1
13001 -41 -42 -10 1
3183 -41 -42 -10 1
6015 -41 -41 -10 1
13001 -41 -41 -10 1
3183 -41 -41 -10 1
6014 -41 -40 -10 1
13001 -41 -40 -10 1
6016 -40 -55 -10 1
6015 -40 -54 -10 1
6014 -40 -53 -10 1
6016 -40 -52 -10 1
5378 -40 -52 -10 1
6016 -40 -51 -10 1
6013 -40 -50 -10 1
13001 -40 -50 -10 1
6014 -40 -49 -10 1
13001 -40 -49 -10 1
6014 -40 -48 -10 1
13001 -40 -48 -10 1
6014 -40 -47 -10 1
13001 -40 -47 -10 1
6014 -40 -46 -10 1
13001 -40 -46 -10 1
6014 -40 -45 -10 1
13001 -40 -45 -10 1
6014 -40 -44 -10 1
13001 -40 -44 -10 1
6014 -40 -43 -10 1
13001 -40 -43 -10 1
6014 -40 -42 -10 1
13001 -40 -42 -10 1
6014 -40 -41 -10 1
13001 -40 -41 -10 1
6014 -40 -40 -10 1
13001 -40 -40 -10 1
6013 -39 -55 -10 1
3378 -39 -55 -10 1
6016 -39 -54 -10 1
6015 -39 -53 -10 1
6013 -39 -52 -10 1
6014 -39 -51 -10 1
6016 -39 -50 -10 1
6016 -39 -49 -10 1
6016 -39 -48 -10 1
6014 -39 -47 -10 1
6013 -39 -46 -10 1
6015 -39 -45 -10 1
6015 -39 -44 -10 1
6015 -39 -43 -10 1
6015 -39 -42 -10 1
6016 -39 -41 -10 1
6014 -39 -40 -10 1
6013 -38 -55 -10 1
6013 -38 -54 -10 1
6013 -38 -53 -10 1
6015 -38 -52 -10 1
6014 -38 -51 -10 1
6016 -38 -50 -10 1
6015 -38 -49 -10 1
6015 -38 -48 -10 1
6016 -38 -47 -10 1
6016 -38 -46 -10 1
6013 -38 -45 -10 1
6013 -38 -44 -10 1
6015 -38 -43 -10 1
6014 -38 -42 -10 1
6015 -38 -41 -10 1
6016 -38 -40 -10 1
6013 -37 -55 -10 1
3214 -37 -55 -10 1
6014 -37 -54 -10 1
6015 -37 -53 -10 1
6016 -37 -52 -10 1
6015 -37 -51 -10 1
6016 -37 -50 -10 1
6013 -37 -49 -10 1
6013 -37 -48 -10 1
6013 -37 -47 -10 1
6016 -37 -46 -10 1
6013 -37 -45 -10 1
6013 -37 -44 -10 1
6015 -37 -43 -10 1
6015 -37 -42 -10 1
6016 -37 -41 -10 1
6013 -37 -40 -10 1
6015 -36 -55 -10 1
6013 -36 -54 -10 1
6014 -36 -53 -10 1
6014 -36 -52 -10 1
6015 -36 -51 -10 1
6013 -36 -50 -10 1
6016 -36 -49 -10 1
6016 -36 -48 -10 1
6013 -36 -47 -10 1
6013 -36 -46 -10 1
6016 -36 -45 -10 1
6014 -36 -44 -10 1
6014 -36 -43 -10 1
6016 -36 -42 -10 1
6015 -36 -41 -10 1
6013 -36 -40 -10 1
6015 -49 -39 -10 1
6015 -49 -38 -10 1
6015 -49 -37 -10 1
6015 -49 -36 -10 1
6016 -49 -35 -10 1
6016 -49 -34 -10 1
6013 -49 -33 -10 1
6053 -49 -33 -9 1
6045 -49 -32 -9 1
6015 -49 -32 -10 1
6057 -49 -31 -9 1
6014 -49 -31 -10 1
6042 -49 -30 -9 1
1999 -49 -29 -10 1
936 -49 -29 -9 1
1997 -49 -28 -10 1
1997 -49 -27 -10 1
1998 -49 -26 -10 1
1998 -49 -25 -10 1
1997 -49 -24 -10 1
6016 -48 -39 -10 1
6015 -48 -38 -10 1
6016 -48 -37 -10 1
3214 -48 -37 -10 1
6013 -48 -36 -10 1
6015 -48 -35 -10 1
6013 -48 -34 -10 1
6015 -48 -33 -10 1
3296 -48 -33 -10 1
3298 -48 -33 -10 1
6016 -48 -32 -10 1
6013 -48 -31 -10 1
6047 -48 -31 -9 1
6041 -48 -30 -9 1
1997 -48 -29 -10 1
936 -48 -29 -9 1
1999 -48 -28 -10 1
1997 -48 -27 -10 1
1997 -48 -26 -10 1
1997 -48 -25 -10 1
1997 -48 -24 -10 1
6015 -47 -39 -10 1
6014 -47 -38 -10 1
6013 -47 -37 -10 1
6015 -47 -36 -10 1
6014 -47 -35 -10 1
6013 -47 -34 -10 1
3149 -47 -34 -10 1
6014 -47 -33 -10 1
6014 -47 -32 -10 1
3378 -47 -32 -10 1
6053 -47 -31 -9 1
6014 -47 -31 -10 1
6057 -47 -30 -9 1
6013 -47 -30 -10 1
1997 -47 -29 -10 1
936 -47 -29 -9 1
1997 -47 -28 -10 1
1997 -47 -27 -10 1
1998 -47 -26 -10 1
1997 -47 -25 -10 1
1997 -47 -24 -10 1
6016 -46 -39 -10 1
6014 -46 -38 -10 1
6013 -46 -37 -10 1
5352 -46 -37 -10 1
6016 -46 -36 -10 1
6014 -46 -35 -10 1
6015 -46 -34 -10 1
3896 -46 -34 -10 1
6013 -46 -33 -10 1
6016 -46 -32 -10 1
6013 -46 -31 -10 1
6047 -46 -30 -9 1
6016 -46 -30 -10 1
1997 -46 -29 -10 1
936 -46 -29 -9 1
1997 -46 -28 -10 1
1997 -46 -27 -10 1
3544 -46 -27 -9 1
1997 -46 -26 -10 1
1999 -46 -25 -10 1
1997 -46 -24 -10 1
6014 -45 -39 -10 1
6014 -45 -38 -10 1
6013 -45 -37 -10 1
6016 -45 -36 -10 1
6015 -45 -35 -10 1
6013 -45 -34 -10 1
6016 -45 -33 -10 1
6016 -45 -32 -10 1
3204 -45 -32 -10 1
6014 -45 -31 -10 1
6047 -45 -30 -9 1
6014 -45 -30 -10 1
1997 -45 -29 -10 1
936 -45 -29 -9 1
1997 -45 -28 -10 1
1997 -45 -27 -10 1
1997 -45 -26 -10 1
1997 -45 -25 -10 1
1997 -45 -24 -10 1
6015 -44 -39 -10 1
6013 -44 -38 -10 1
6013 -44 -37 -10 1
6016 -44 -36 -10 1
3893 -44 -36 -10 1
6015 -44 -35 -10 1
3892 -44 -35 -10 1
6014 -44 -34 -10 1
4151 -44 -34 -10 1
6016 -44 -33 -10 1
6016 -44 -32 -10 1
6015 -44 -31 -10 1
6013 -44 -30 -10 1
6053 -44 -30 -9 1
1997 -44 -29 -10 1
936 -44 -29 -9 1
1999 -44 -28 -10 1
1997 -44 -27 -10 1
1997 -44 -26 -10 1
1997 -44 -25 -10 1
1998 -44 -24 -10 1
6015 -43 -39 -10 1
6015 -43 -38 -10 1
6015 -43 -37 -10 1
6013 -43 -36 -10 1
6013 -43 -35 -10 1
3893 -43 -35 -10 1
6015 -43 -34 -10 1
6015 -43 -33 -10 1
6014 -43 -32 -10 1
6014 -43 -31 -10 1
6014 -43 -30 -10 1
1997 -43 -29 -10 1
936 -43 -29 -9 1
1997 -43 -28 -10 1
1998 -43 -27 -10 1
1998 -43 -26 -10 1
1998 -43 -25 -10 1
1997 -43 -24 -10 1
6015 -42 -39 -10 1
6013 -42 -38 -10 1
6013 -42 -37 -10 1
6015 -42 -36 -10 1
6014 -42 -35 -10 1
6013 -42 -34 -10 1
6016 -42 -33 -10 1
6014 -42 -32 -10 1
6014 -42 -31 -10 1
3141 -42 -31 -10 1
6013 -42 -30 -10 1
1999 -42 -29 -10 1
936 -42 -29 -9 1
1999 -42 -28 -10 1
1997 -42 -27 -10 1
1998 -42 -26 -10 1
1999 -42 -25 -10 1
1998 -42 -24 -10 1
6013 -41 -39 -10 1
6016 -41 -38 -10 1
6016 -41 -37 -10 1
6016 -41 -36 -10 1
6016 -41 -35 -10 1
6016 -41 -34 -10 1
6013 -41 -33 -10 1
6016 -41 -32 -10 1
6014 -41 -31 -10 1
6013 -41 -30 -10 1
1997 -41 -29 -10 1
936 -41 -29 -9 1
1997 -41 -28 -10 1
1999 -41 -27 -10 1
1997 -41 -26 -10 1
1997 -41 -25 -10 1
1997 -41 -24 -10 1
2591 -41 -24 -9 1
2581 -41 -24 0 1
6016 -40 -39 -10 1
6014 -40 -38 -10 1
6014 -40 -37 -10 1
6015 -40 -36 -10 1
6014 -40 -35 -10 1
6014 -40 -34 -10 1
6013 -40 -33 -10 1
6015 -40 -32 -10 1
6014 -40 -31 -10 1
6013 -40 -30 -10 1
1997 -40 -29 -10 1
938 -40 -29 -9 1
1997 -40 -28 -10 1
5369 -40 -28 -9 1
1997 -40 -27 -10 1
1998 -40 -26 -10 1
1997 -40 -25 -10 1
1997 -40 -24 -10 1
938 -40 -24 -9 1
6015 -39 -39 -10 1
6015 -39 -38 -10 1
6015 -39 -37 -10 1
6015 -39 -36 -10 1
6013 -39 -35 -10 1
1279 -39 -34 -10 1
6023 -39 -34 -10 1
1276 -39 -33 -10 1
6021 -39 -33 -10 1
1276 -39 -32 -10 1
6021 -39 -32 -10 1
1276 -39 -31 -10 1
6021 -39 -31 -10 1
1279 -39 -30 -10 1
6021 -39 -30 -10 1
1997 -39 -29 -10 1
1997 -39 -28 -10 1
5370 -39 -28 -9 1
1997 -39 -27 -10 1
1997 -39 -26 -10 1
1997 -39 -25 -10 1
1998 -39 -24 -10 1
6016 -38 -39 -10 1
6014 -38 -38 -10 1
6015 -38 -37 -10 1
6013 -38 -36 -10 1
6015 -38 -35 -10 1
1278 -38 -34 -10 1
6020 -38 -34 -10 1
1278 -38 -33 -10 1
1278 -38 -32 -10 1
1276 -38 -31 -10 1
1276 -38 -30 -10 1
1998 -38 -29 -10 1
1997 -38 -28 -10 1
3542 -38 -28 -9 1
1998 -38 -27 -10 1
1998 -38 -26 -10 1
1997 -38 -25 -10 1
1997 -38 -24 -10 1
6014 -37 -39 -10 1
6015 -37 -38 -10 1
6013 -37 -37 -10 1
6016 -37 -36 -10 1
6016 -37 -35 -10 1
1276 -37 -34 -10 1
6020 -37 -34 -10 1
1279 -37 -33 -10 1
1277 -37 -32 -10 1
1279 -37 -31 -10 1
1276 -37 -30 -10 1
1997 -37 -29 -10 1
1997 -37 -28 -10 1
1997 -37 -27 -10 1
1997 -37 -26 -10 1
1999 -37 -25 -10 1
1997 -37 -24 -10 1
6016 -36 -39 -10 1
6014 -36 -38 -10 1
6014 -36 -37 -10 1
6015 -36 -36 -10 1
3150 -36 -36 -10 1
6013 -36 -35 -10 1
1279 -36 -34 -10 1
6020 -36 -34 -10 1
1279 -36 -33 -10 1
1279 -36 -32 -10 1
1276 -36 -31 -10 1
6019 -36 -31 -10 1
1277 -36 -30 -10 1
6019 -36 -30 -10 1
1997 -36 -29 -10 1
1999 -36 -28 -10 1
1998 -36 -27 -10 1
1997 -36 -26 -10 1
3543 -36 -26 -9 1
1997 -36 -25 -10 1
1997 -36 -24 -10 1
7843 -41 -23 -6 1
1997 -40 -23 -10 1
935 -40 -23 -9 1
1997 -40 -22 -10 1
935 -40 -22 -9 1
1997 -40 -21 -10 1
935 -40 -21 -9 1
1997 -40 -20 -10 1
935 -40 -20 -9 1
1997 -40 -19 -10 1
935 -40 -19 -9 1
1997 -40 -18 -10 1
935 -40 -18 -9 1
1997 -40 -17 -10 1
935 -40 -17 -9 1
1997 -40 -16 -10 1
938 -40 -16 -9 1
2594 -40 -16 -4 1
1997 -39 -23 -10 1
1997 -39 -22 -10 1
1998 -39 -21 -10 1
1997 -39 -20 -10 1
1997 -39 -19 -10 1
1997 -39 -18 -10 1
1997 -39 -17 -10 1
1997 -39 -16 -10 1
1997 -38 -23 -10 1
1997 -38 -22 -10 1
1997 -38 -21 -10 1
1997 -38 -20 -10 1
1997 -38 -19 -10 1
1998 -38 -18 -10 1
1997 -38 -17 -10 1
1997 -38 -16 -10 1
1997 -37 -23 -10 1
1997 -37 -22 -10 1
1997 -37 -21 -10 1
1997 -37 -20 -10 1
1997 -37 -19 -10 1
3515 -37 -19 -9 1
1998 -37 -18 -10 1
1997 -37 -17 -10 1
1997 -37 -16 -10 1
1997 -36 -23 -10 1
1997 -36 -22 -10 1
1997 -36 -21 -10 1
1999 -36 -20 -10 1
1997 -36 -19 -10 1
1997 -36 -18 -10 1
1997 -36 -17 -10 1
1998 -36 -16 -10 1
6041 -35 -75 -9 1
6049 -35 -74 -9 1
6013 -35 -74 -10 1
6014 -35 -73 -10 1
6014 -35 -72 -10 1
3378 -35 -72 -10 1
6043 -34 -75 -9 1
6049 -34 -74 -9 1
6013 -34 -74 -10 1
6014 -34 -73 -10 1
6016 -34 -72 -10 1
6039 -33 -75 -9 1
6059 -33 -74 -9 1
6013 -33 -74 -10 1
6015 -33 -73 -10 1
6056 -33 -73 -9 1
6013 -33 -72 -10 1
6043 -32 -75 -9 1
6041 -32 -74 -9 1
6014 -32 -73 -10 1
6049 -32 -73 -9 1
6014 -32 -72 -10 1
6040 -31 -75 -9 1
6039 -31 -74 -9 1
6016 -31 -73 -10 1
6049 -31 -73 -9 1
6013 -31 -72 -10 1
6041 -30 -75 -9 1
6058 -30 -74 -9 1
6015 -30 -74 -10 1
6016 -30 -73 -10 1
6055 -30 -73 -9 1
6016 -30 -72 -10 1
6041 -29 -76 -9 1
6041 -29 -75 -9 1
6049 -29 -74 -9 1
6015 -29 -74 -10 1
6016 -29 -73 -10 1
6014 -29 -72 -10 1
3204 -29 -72 -10 1
6042 -28 -76 -9 1
6014 -28 -75 -10 1
6058 -28 -75 -9 1
6055 -28 -74 -9 1
6013 -28 -74 -10 1
6016 -28 -73 -10 1
6016 -28 -72 -10 1
6039 -27 -76 -9 1
6014 -27 -75 -10 1
6049 -27 -75 -9 1
6011 -27 -75 -10 1
6014 -27 -74 -10 1
6016 -27 -73 -10 1
6015 -27 -72 -10 1
3214 -27 -72 -10 1
6040 -26 -77 -9 1
6040 -26 -76 -9 1
6015 -26 -75 -10 1
6049 -26 -75 -9 1
6012 -26 -75 -10 1
6015 -26 -74 -10 1
6013 -26 -73 -10 1
6015 -26 -72 -10 1
6042 -25 -77 -9 1
6058 -25 -76 -9 1
6014 -25 -76 -10 1
6015 -25 -75 -10 1
6055 -25 -75 -9 1
6006 -25 -75 -10 1
6016 -25 -74 -10 1
3379 -25 -74 -10 1
6014 -25 -73 -10 1
6016 -25 -72 -10 1
6039 -24 -77 -9 1
6059 -24 -76 -9 1
6013 -24 -76 -10 1
6013 -24 -75 -10 1
6056 -24 -75 -9 1
6004 -24 -75 -10 1
6016 -24 -74 -10 1
6014 -24 -73 -10 1
6014 -24 -72 -10 1
6040 -23 -77 -9 1
6040 -23 -76 -9 1
6016 -23 -75 -10 1
6049 -23 -75 -9 1
6013 -23 -74 -10 1
6013 -23 -73 -10 1
3150 -23 -73 -10 1
6014 -23 -72 -10 1
6042 -22 -76 -9 1
6014 -22 -75 -10 1
6059 -22 -75 -9 1
6015 -22 -74 -10 1
6056 -22 -74 -9 1
6013 -22 -73 -10 1
6014 -22 -72 -10 1
6042 -21 -76 -9 1
6043 -21 -75 -9 1
6014 -21 -74 -10 1
6049 -21 -74 -9 1
6015 -21 -73 -10 1
6014 -21 -72 -10 1
3288 -21 -72 -10 1
3289 -21 -72 -10 1
6041 -20 -76 -9 1
6042 -20 -75 -9 1
6016 -20 -74 -10 1
6049 -20 -74 -9 1
6016 -20 -73 -10 1
6016 -20 -72 -10 1
6014 -35 -71 -10 1
6016 -35 -70 -10 1
6014 -35 -69 -10 1
6013 -35 -68 -10 1
6015 -35 -67 -10 1
6014 -35 -66 -10 1
6013 -35 -65 -10 1
6014 -35 -64 -10 1
6016 -35 -63 -10 1
6013 -35 -62 -10 1
6015 -35 -61 -10 1
6014 -35 -60 -10 1
6013 -35 -59 -10 1
6016 -35 -58 -10 1
6014 -35 -57 -10 1
6013 -35 -56 -10 1
6014 -34 -71 -10 1
6016 -34 -70 -10 1
6014 -34 -69 -10 1
6016 -34 -68 -10 1
6016 -34 -67 -10 1
6015 -34 -66 -10 1
6013 -34 -65 -10 1
6015 -34 -64 -10 1
6015 -34 -63 -10 1
6016 -34 -62 -10 1
6015 -34 -61 -10 1
6014 -34 -60 -10 1
6013 -34 -59 -10 1
6016 -34 -58 -10 1
6016 -34 -57 -10 1
6016 -34 -56 -10 1
6016 -33 -71 -10 1
6014 -33 -70 -10 1
6015 -33 -69 -10 1
6016 -33 -68 -10 1
6016 -33 -67 -10 1
6013 -33 -66 -10 1
6013 -33 -65 -10 1
6013 -33 -64 -10 1
6013 -33 -63 -10 1
6013 -33 -62 -10 1
6015 -33 -61 -10 1
6013 -33 -60 -10 1
6016 -33 -59 -10 1
6015 -33 -58 -10 1
6013 -33 -57 -10 1
6016 -33 -56 -10 1
6015 -32 -71 -10 1
6013 -32 -70 -10 1
3302 -32 -70 -10 1
3304 -32 -70 -10 1
6015 -32 -69 -10 1
6015 -32 -68 -10 1
6014 -32 -67 -10 1
6014 -32 -66 -10 1
6015 -32 -65 -10 1
6015 -32 -64 -10 1
6014 -32 -63 -10 1
6013 -32 -62 -10 1
6014 -32 -61 -10 1
6016 -32 -60 -10 1
6015 -32 -59 -10 1
6015 -32 -58 -10 1
6016 -32 -57 -10 1
6016 -32 -56 -10 1
6015 -31 -71 -10 1
6014 -31 -70 -10 1
6015 -31 -69 -10 1
6016 -31 -68 -10 1
6013 -31 -67 -10 1
6014 -31 -66 -10 1
6014 -31 -65 -10 1
6015 -31 -64 -10 1
6014 -31 -63 -10 1
6015 -31 -62 -10 1
6015 -31 -61 -10 1
6014 -31 -60 -10 1
6014 -31 -59 -10 1
6013 -31 -58 -10 1
6015 -31 -57 -10 1
6014 -31 -56 -10 1
6014 -30 -71 -10 1
3145 -30 -71 -10 1
6014 -30 -70 -10 1
6014 -30 -69 -10 1
6015 -30 -68 -10 1
6014 -30 -67 -10 1
6015 -30 -66 -10 1
6016 -30 -65 -10 1
6014 -30 -64 -10 1
6016 -30 -63 -10 1
6013 -30 -62 -10 1
6015 -30 -61 -10 1
6014 -30 -60 -10 1
6015 -30 -59 -10 1
6016 -30 -58 -10 1
6013 -30 -57 -10 1
6016 -30 -56 -10 1
6016 -29 -71 -10 1
6016 -29 -70 -10 1
3391 -29 -70 -10 1
6013 -29 -69 -10 1
6016 -29 -68 -10 1
6014 -29 -67 -10 1
6014 -29 -66 -10 1
6013 -29 -65 -10 1
6016 -29 -64 -10 1
6014 -29 -63 -10 1
6013 -29 -62 -10 1
6016 -29 -61 -10 1
6016 -29 -60 -10 1
6014 -29 -59 -10 1
6014 -29 -58 -10 1
6014 -29 -57 -10 1
6016 -29 -56 -10 1
6016 -28 -71 -10 1
6016 -28 -70 -10 1
3379 -28 -70 -10 1
6016 -28 -69 -10 1
6013 -28 -68 -10 1
6013 -28 -67 -10 1
6016 -28 -66 -10 1
6015 -28 -65 -10 1
6013 -28 -64 -10 1
6015 -28 -63 -10 1
6016 -28 -62 -10 1
6015 -28 -61 -10 1
6014 -28 -60 -10 1
6014 -28 -59 -10 1
6016 -28 -58 -10 1
6016 -28 -57 -10 1
6013 -28 -56 -10 1
6015 -27 -71 -10 1
6014 -27 -70 -10 1
6015 -27 -69 -10 1
6014 -27 -68 -10 1
6016 -27 -67 -10 1
6016 -27 -66 -10 1
6013 -27 -65 -10 1
6014 -27 -64 -10 1
6013 -27 -63 -10 1
6016 -27 -62 -10 1
6015 -27 -61 -10 1
6014 -27 -60 -10 1
6015 -27 -59 -10 1
6015 -27 -58 -10 1
6016 -27 -57 -10 1
6015 -27 -56 -10 1
6014 -26 -71 -10 1
6016 -26 -70 -10 1
6015 -26 -69 -10 1
6016 -26 -68 -10 1
6015 -26 -67 -10 1
6014 -26 -66 -10 1
6014 -26 -65 -10 1
6013 -26 -64 -10 1
6013 -26 -63 -10 1
6014 -26 -62 -10 1
6016 -26 -61 -10 1
6016 -26 -60 -10 1
6013 -26 -59 -10 1
6013 -26 -58 -10 1
6013 -26 -57 -10 1
6015 -26 -56 -10 1
6013 -25 -71 -10 1
6014 -25 -70 -10 1
6014 -25 -69 -10 1
6015 -25 -68 -10 1
6016 -25 -67 -10 1
6014 -25 -66 -10 1
6016 -25 -65 -10 1
6015 -25 -64 -10 1
6013 -25 -63 -10 1
6014 -25 -62 -10 1
6015 -25 -61 -10 1
6013 -25 -60 -10 1
6016 -25 -59 -10 1
6013 -25 -58 -10 1
6014 -25 -57 -10 1
6016 -25 -56 -10 1
6015 -24 -71 -10 1
6016 -24 -70 -10 1
6016 -24 -69 -10 1
6014 -24 -68 -10 1
6016 -24 -67 -10 1
6014 -24 -66 -10 1
6015 -24 -65 -10 1
6015 -24 -64 -10 1
6013 -24 -63 -10 1
6016 -24 -62 -10 1
6014 -24 -61 -10 1
6016 -24 -60 -10 1
6013 -24 -59 -10 1
6013 -24 -58 -10 1
6013 -24 -57 -10 1
6015 -24 -56 -10 1
6016 -23 -71 -10 1
6013 -23 -70 -10 1
3141 -23 -70 -10 1
6014 -23 -69 -10 1
6015 -23 -68 -10 1
6016 -23 -67 -10 1
6015 -23 -66 -10 1
6014 -23 -65 -10 1
6016 -23 -64 -10 1
6013 -23 -63 -10 1
6016 -23 -62 -10 1
6016 -23 -61 -10 1
6016 -23 -60 -10 1
6015 -23 -59 -10 1
6015 -23 -58 -10 1
6013 -23 -57 -10 1
6013 -23 -56 -10 1
6014 -22 -71 -10 1
6013 -22 -70 -10 1
6015 -22 -69 -10 1
6016 -22 -68 -10 1
6013 -22 -67 -10 1
6016 -22 -66 -10 1
6014 -22 -65 -10 1
6014 -22 -64 -10 1
6015 -22 -63 -10 1
6014 -22 -62 -10 1
6013 -22 -61 -10 1
6016 -22 -60 -10 1
6014 -22 -59 -10 1
6015 -22 -58 -10 1
6016 -22 -57 -10 1
6015 -22 -56 -10 1
6016 -21 -71 -10 1
6015 -21 -70 -10 1
6016 -21 -69 -10 1
3302 -21 -69 -10 1
3303 -21 -69 -10 1
6015 -21 -68 -10 1
6016 -21 -67 -10 1
6014 -21 -66 -10 1
6015 -21 -65 -10 1
6016 -21 -64 -10 1
6013 -21 -63 -10 1
6016 -21 -62 -10 1
6015 -21 -61 -10 1
6015 -21 -60 -10 1
6014 -21 -59 -10 1
6013 -21 -58 -10 1
6013 -21 -57 -10 1
6015 -21 -56 -10 1
6013 -20 -71 -10 1
3392 -20 -71 -10 1
6013 -20 -70 -10 1
6015 -20 -69 -10 1
6016 -20 -68 -10 1
6014 -20 -67 -10 1
6013 -20 -66 -10 1
6013 -20 -65 -10 1
6013 -20 -64 -10 1
6015 -20 -63 -10 1
6013 -20 -62 -10 1
6014 -20 -61 -10 1
6013 -20 -60 -10 1
6015 -20 -59 -10 1
6014 -20 -58 -10 1
6016 -20 -57 -10 1
6015 -20 -56 -10 1
6016 -35 -55 -10 1
6016 -35 -54 -10 1
6014 -35 -53 -10 1
6015 -35 -52 -10 1
6015 -35 -51 -10 1
6015 -35 -50 -10 1
6015 -35 -49 -10 1
6014 -35 -48 -10 1
6013 -35 -47 -10 1
6015 -35 -46 -10 1
6014 -35 -45 -10 1
6016 -35 -44 -10 1
6015 -35 -43 -10 1
6016 -35 -42 -10 1
6015 -35 -41 -10 1
6013 -35 -40 -10 1
6014 -34 -55 -10 1
6016 -34 -54 -10 1
6013 -34 -53 -10 1
6014 -34 -52 -10 1
6015 -34 -51 -10 1
6016 -34 -50 -10 1
6016 -34 -49 -10 1
6014 -34 -48 -10 1
6013 -34 -47 -10 1
6015 -34 -46 -10 1
6015 -34 -45 -10 1
6013 -34 -44 -10 1
6015 -34 -43 -10 1
6014 -34 -42 -10 1
6015 -34 -41 -10 1
6015 -34 -40 -10 1
6013 -33 -55 -10 1
6016 -33 -54 -10 1
6014 -33 -53 -10 1
6013 -33 -52 -10 1
6016 -33 -51 -10 1
6014 -33 -50 -10 1
6014 -33 -49 -10 1
6016 -33 -48 -10 1
6013 -33 -47 -10 1
6016 -33 -46 -10 1
6014 -33 -45 -10 1
6013 -33 -44 -10 1
6015 -33 -43 -10 1
6016 -33 -42 -10 1
6013 -33 -41 -10 1
6016 -33 -40 -10 1
6013 -32 -55 -10 1
6014 -32 -54 -10 1
6014 -32 -53 -10 1
6013 -32 -52 -10 1
6015 -32 -51 -10 1
6016 -32 -50 -10 1
6016 -32 -49 -10 1
6013 -32 -48 -10 1
6015 -32 -47 -10 1
6016 -32 -46 -10 1
6016 -32 -45 -10 1
6016 -32 -44 -10 1
6013 -32 -43 -10 1
6015 -32 -42 -10 1
6013 -32 -41 -10 1
6015 -32 -40 -10 1
6015 -31 -55 -10 1
6014 -31 -54 -10 1
6015 -31 -53 -10 1
6013 -31 -52 -10 1
6016 -31 -51 -10 1
6016 -31 -50 -10 1
6013 -31 -49 -10 1
6013 -31 -48 -10 1
6013 -31 -47 -10 1
6013 -31 -46 -10 1
6015 -31 -45 -10 1
6016 -31 -44 -10 1
6015 -31 -43 -10 1
6015 -31 -42 -10 1
6014 -31 -41 -10 1
6016 -31 -40 -10 1
6014 -30 -55 -10 1
6016 -30 -54 -10 1
6015 -30 -53 -10 1
6014 -30 -52 -10 1
6016 -30 -51 -10 1
6015 -30 -50 -10 1
6014 -30 -49 -10 1
6013 -30 -48 -10 1
6013 -30 -47 -10 1
6016 -30 -46 -10 1
6016 -30 -45 -10 1
6014 -30 -44 -10 1
6014 -30 -43 -10 1
6013 -30 -42 -10 1
6016 -30 -41 -10 1
6014 -30 -40 -10 1
6015 -29 -55 -10 1
6016 -29 -54 -10 1
6015 -29 -53 -10 1
6014 -29 -52 -10 1
6014 -29 -51 -10 1
6013 -29 -50 -10 1
6014 -29 -49 -10 1
6016 -29 -48 -10 1
6013 -29 -47 -10 1
6015 -29 -46 -10 1
6013 -29 -45 -10 1
6014 -29 -44 -10 1
6015 -29 -43 -10 1
6013 -29 -42 -10 1
6013 -29 -41 -10 1
6015 -29 -40 -10 1
6016 -28 -55 -10 1
6013 -28 -54 -10 1
6014 -28 -53 -10 1
6016 -28 -52 -10 1
6013 -28 -51 -10 1
6014 -28 -50 -10 1
6015 -28 -49 -10 1
6013 -28 -48 -10 1
6014 -28 -47 -10 1
6014 -28 -46 -10 1
6013 -28 -45 -10 1
6015 -28 -44 -10 1
6016 -28 -43 -10 1
6015 -28 -42 -10 1
6016 -28 -41 -10 1
6015 -28 -40 -10 1
6016 -27 -55 -10 1
6014 -27 -54 -10 1
6013 -27 -53 -10 1
6016 -27 -52 -10 1
6013 -27 -51 -10 1
6016 -27 -50 -10 1
6014 -27 -49 -10 1
6014 -27 -48 -10 1
6013 -27 -47 -10 1
6015 -27 -46 -10 1
6014 -27 -45 -10 1
6015 -27 -44 -10 1
6013 -27 -43 -10 1
6014 -27 -42 -10 1
6015 -27 -41 -10 1
6014 -27 -40 -10 1
6014 -26 -55 -10 1
6013 -26 -54 -10 1
6016 -26 -53 -10 1
6013 -26 -52 -10 1
6014 -26 -51 -10 1
6015 -26 -50 -10 1
6016 -26 -49 -10 1
6016 -26 -48 -10 1
6016 -26 -47 -10 1
6013 -26 -46 -10 1
6015 -26 -45 -10 1
6014 -26 -44 -10 1
6014 -26 -43 -10 1
6013 -26 -42 -10 1
6013 -26 -41 -10 1
6015 -26 -40 -10 1
6016 -25 -55 -10 1
6015 -25 -54 -10 1
6013 -25 -53 -10 1
6014 -25 -52 -10 1
6013 -25 -51 -10 1
6015 -25 -50 -10 1
6014 -25 -49 -10 1
6013 -25 -48 -10 1
6015 -25 -47 -10 1
6016 -25 -46 -10 1
6015 -25 -45 -10 1
6015 -25 -44 -10 1
6016 -25 -43 -10 1
6015 -25 -42 -10 1
6013 -25 -41 -10 1
6013 -25 -40 -10 1
6014 -24 -55 -10 1
6015 -24 -54 -10 1
6014 -24 -53 -10 1
6014 -24 -52 -10 1
6014 -24 -51 -10 1
6015 -24 -50 -10 1
6013 -24 -49 -10 1
6014 -24 -48 -10 1
6015 -24 -47 -10 1
6015 -24 -46 -10 1
6014 -24 -45 -10 1
6013 -24 -44 -10 1
6014 -24 -43 -10 1
6013 -24 -42 -10 1
6014 -24 -41 -10 1
6014 -24 -40 -10 1
6015 -23 -55 -10 1
6013 -23 -54 -10 1
6016 -23 -53 -10 1
6015 -23 -52 -10 1
6016 -23 -51 -10 1
6016 -23 -50 -10 1
6014 -23 -49 -10 1
6013 -23 -48 -10 1
6016 -23 -47 -10 1
6013 -23 -46 -10 1
6013 -23 -45 -10 1
6015 -23 -44 -10 1
6013 -23 -43 -10 1
6016 -23 -42 -10 1
6016 -23 -41 -10 1
6014 -23 -40 -10 1
6015 -22 -55 -10 1
6016 -22 -54 -10 1
6013 -22 -53 -10 1
6016 -22 -52 -10 1
6014 -22 -51 -10 1
6016 -22 -50 -10 1
6014 -22 -49 -10 1
6013 -22 -48 -10 1
6015 -22 -47 -10 1
6013 -22 -46 -10 1
6013 -22 -45 -10 1
6016 -22 -44 -10 1
6014 -22 -43 -10 1
6015 -22 -42 -10 1
6014 -22 -41 -10 1
6016 -22 -40 -10 1
6015 -21 -55 -10 1
6016 -21 -54 -10 1
6013 -21 -53 -10 1
6016 -21 -52 -10 1
6014 -21 -51 -10 1
6015 -21 -50 -10 1
6015 -21 -49 -10 1
6014 -21 -48 -10 1
6013 -21 -47 -10 1
6013 -21 -46 -10 1
6015 -21 -45 -10 1
6013 -21 -44 -10 1
6013 -21 -43 -10 1
6014 -21 -42 -10 1
6013 -21 -41 -10 1
6015 -21 -40 -10 1
6015 -20 -55 -10 1
6016 -20 -54 -10 1
6015 -20 -53 -10 1
6016 -20 -52 -10 1
6016 -20 -51 -10 1
6016 -20 -50 -10 1
6015 -20 -49 -10 1
6015 -20 -48 -10 1
6015 -20 -47 -10 1
1279 -20 -46 -10 1
6021 -20 -46 -10 1
1278 -20 -45 -10 1
6021 -20 -45 -10 1
1278 -20 -44 -10 1
6021 -20 -44 -10 1
1278 -20 -43 -10 1
6021 -20 -43 -10 1
1277 -20 -42 -10 1
6021 -20 -42 -10 1
1277 -20 -41 -10 1
6021 -20 -41 -10 1
1278 -20 -40 -10 1
6021 -20 -40 -10 1
6014 -35 -39 -10 1
6014 -35 -38 -10 1
6015 -35 -37 -10 1
6013 -35 -36 -10 1
6014 -35 -35 -10 1
1276 -35 -34 -10 1
6020 -35 -34 -10 1
1277 -35 -33 -10 1
1276 -35 -32 -10 1
6018 -35 -32 -10 1
6014 -35 -31 -10 1
6016 -35 -30 -10 1
1997 -35 -29 -10 1
938 -35 -29 -9 1
1997 -35 -28 -10 1
1997 -35 -27 -10 1
1997 -35 -26 -10 1
1998 -35 -25 -10 1
1997 -35 -24 -10 1
938 -35 -24 -9 1
6013 -34 -39 -10 1
6015 -34 -38 -10 1
6016 -34 -37 -10 1
6015 -34 -36 -10 1
6013 -34 -35 -10 1
1277 -34 -34 -10 1
6020 -34 -34 -10 1
1278 -34 -33 -10 1
1276 -34 -32 -10 1
6018 -34 -32 -10 1
6017 -34 -31 -10 1
6015 -34 -30 -10 1
1997 -34 -29 -10 1
936 -34 -29 -9 1
1997 -34 -28 -10 1
1997 -34 -27 -10 1
3544 -34 -27 -9 1
1997 -34 -26 -10 1
1997 -34 -25 -10 1
1997 -34 -24 -10 1
934 -34 -24 -9 1
6014 -33 -39 -10 1
6013 -33 -38 -10 1
6014 -33 -37 -10 1
6014 -33 -36 -10 1
6013 -33 -35 -10 1
1276 -33 -34 -10 1
6020 -33 -34 -10 1
1277 -33 -33 -10 1
1279 -33 -32 -10 1
6018 -33 -32 -10 1
6013 -33 -31 -10 1
6015 -33 -30 -10 1
1997 -33 -29 -10 1
936 -33 -29 -9 1
1997 -33 -28 -10 1
1997 -33 -27 -10 1
1998 -33 -26 -10 1
1999 -33 -25 -10 1
1997 -33 -24 -10 1
934 -33 -24 -9 1
6016 -32 -39 -10 1
6015 -32 -38 -10 1
6015 -32 -37 -10 1
6015 -32 -36 -10 1
6015 -32 -35 -10 1
1276 -32 -34 -10 1
6020 -32 -34 -10 1
1278 -32 -33 -10 1
1277 -32 -32 -10 1
6018 -32 -32 -10 1
6016 -32 -31 -10 1
6014 -32 -30 -10 1
1997 -32 -29 -10 1
936 -32 -29 -9 1
1997 -32 -28 -10 1
3514 -32 -28 -9 1
1998 -32 -27 -10 1
1998 -32 -26 -10 1
1997 -32 -25 -10 1
1999 -32 -24 -10 1
934 -32 -24 -9 1
6016 -31 -39 -10 1
6013 -31 -38 -10 1
6016 -31 -37 -10 1
6014 -31 -36 -10 1
6014 -31 -35 -10 1
1276 -31 -34 -10 1
6020 -31 -34 -10 1
1279 -31 -33 -10 1
1278 -31 -32 -10 1
6018 -31 -32 -10 1
6015 -31 -31 -10 1
6016 -31 -30 -10 1
1999 -31 -29 -10 1
936 -31 -29 -9 1
1998 -31 -28 -10 1
1998 -31 -27 -10 1
1997 -31 -26 -10 1
1997 -31 -25 -10 1
1997 -31 -24 -10 1
934 -31 -24 -9 1
6013 -30 -39 -10 1
6013 -30 -38 -10 1
6016 -30 -37 -10 1
6016 -30 -36 -10 1
3245 -30 -36 -10 1
6014 -30 -35 -10 1
1278 -30 -34 -10 1
6020 -30 -34 -10 1
1278 -30 -33 -10 1
1276 -30 -32 -10 1
6018 -30 -32 -10 1
6015 -30 -31 -10 1
6015 -30 -30 -10 1
1997 -30 -29 -10 1
936 -30 -29 -9 1
1997 -30 -28 -10 1
5453 -30 -28 -9 1
1997 -30 -27 -10 1
3703 -30 -27 -9 1
1997 -30 -26 -10 1
1999 -30 -25 -10 1
1997 -30 -24 -10 1
934 -30 -24 -9 1
6015 -29 -39 -10 1
6016 -29 -38 -10 1
6013 -29 -37 -10 1
6013 -29 -36 -10 1
6015 -29 -35 -10 1
1279 -29 -34 -10 1
6020 -29 -34 -10 1
1277 -29 -33 -10 1
1276 -29 -32 -10 1
6018 -29 -32 -10 1
6013 -29 -31 -10 1
6014 -29 -30 -10 1
1997 -29 -29 -10 1
938 -29 -29 -9 1
1998 -29 -28 -10 1
937 -29 -28 -9 1
1997 -29 -27 -10 1
937 -29 -27 -9 1
1997 -29 -26 -10 1
937 -29 -26 -9 1
1997 -29 -25 -10 1
937 -29 -25 -9 1
1997 -29 -24 -10 1
938 -29 -24 -9 1
2594 -29 -24 -4 1
6014 -28 -39 -10 1
6016 -28 -38 -10 1
6014 -28 -37 -10 1
6015 -28 -36 -10 1
6014 -28 -35 -10 1
1277 -28 -34 -10 1
6020 -28 -34 -10 1
1276 -28 -33 -10 1
1276 -28 -32 -10 1
6018 -28 -32 -10 1
6017 -28 -31 -10 1
6015 -28 -30 -10 1
6013 -28 -29 -10 1
6015 -28 -28 -10 1
6015 -28 -27 -10 1
6047 -28 -26 -9 1
6015 -28 -26 -10 1
6043 -28 -25 -9 1
6015 -27 -39 -10 1
6015 -27 -38 -10 1
6016 -27 -37 -10 1
6013 -27 -36 -10 1
6015 -27 -35 -10 1
1277 -27 -34 -10 1
6020 -27 -34 -10 1
1276 -27 -33 -10 1
1277 -27 -32 -10 1
6018 -27 -32 -10 1
6017 -27 -31 -10 1
6013 -27 -30 -10 1
6016 -27 -29 -10 1
6015 -27 -28 -10 1
6013 -27 -27 -10 1
3379 -27 -27 -10 1
6047 -27 -26 -9 1
6013 -27 -26 -10 1
6042 -27 -25 -9 1
6039 -27 -24 -9 1
6013 -26 -39 -10 1
6016 -26 -38 -10 1
6016 -26 -37 -10 1
6015 -26 -36 -10 1
3249 -26 -36 -10 1
6015 -26 -35 -10 1
1278 -26 -34 -10 1
6020 -26 -34 -10 1
1279 -26 -33 -10 1
1276 -26 -32 -10 1
6018 -26 -32 -10 1
6015 -26 -31 -10 1
6013 -26 -30 -10 1
6015 -26 -29 -10 1
6014 -26 -28 -10 1
6013 -26 -27 -10 1
6053 -26 -26 -9 1
6015 -26 -26 -10 1
6045 -26 -25 -9 1
6014 -26 -25 -10 1
6057 -26 -24 -9 1
6015 -26 -24 -10 1
6014 -25 -39 -10 1
6016 -25 -38 -10 1
6015 -25 -37 -10 1
6016 -25 -36 -10 1
6013 -25 -35 -10 1
1276 -25 -34 -10 1
6020 -25 -34 -10 1
1277 -25 -33 -10 1
1276 -25 -32 -10 1
6018 -25 -32 -10 1
6017 -25 -31 -10 1
6016 -25 -30 -10 1
6015 -25 -29 -10 1
6016 -25 -28 -10 1
3143 -25 -28 -10 1
6015 -25 -27 -10 1
6015 -25 -26 -10 1
3378 -25 -26 -10 1
6014 -25 -25 -10 1
6004 -25 -25 -10 1
6014 -25 -24 -10 1
6053 -25 -24 -9 1
6002 -25 -24 -10 1
6013 -24 -39 -10 1
6016 -24 -38 -10 1
6013 -24 -37 -10 1
6013 -24 -36 -10 1
6015 -24 -35 -10 1
1279 -24 -34 -10 1
6020 -24 -34 -10 1
1279 -24 -33 -10 1
1279 -24 -32 -10 1
6018 -24 -32 -10 1
6016 -24 -31 -10 1
6015 -24 -30 -10 1
3146 -24 -30 -10 1
6013 -24 -29 -10 1
6015 -24 -28 -10 1
6013 -24 -27 -10 1
6014 -24 -26 -10 1
3205 -24 -26 -10 1
6013 -24 -25 -10 1
3378 -24 -25 -10 1
6015 -24 -24 -10 1
6001 -24 -24 -10 1
6016 -23 -39 -10 1
6013 -23 -38 -10 1
6015 -23 -37 -10 1
6015 -23 -36 -10 1
6016 -23 -35 -10 1
1279 -23 -34 -10 1
6020 -23 -34 -10 1
1277 -23 -33 -10 1
1279 -23 -32 -10 1
6018 -23 -32 -10 1
6013 -23 -31 -10 1
6015 -23 -30 -10 1
6015 -23 -29 -10 1
6015 -23 -28 -10 1
3149 -23 -28 -10 1
6014 -23 -27 -10 1
6015 -23 -26 -10 1
6015 -23 -25 -10 1
3378 -23 -25 -10 1
6014 -23 -24 -10 1
3379 -23 -24 -10 1
6014 -22 -39 -10 1
6016 -22 -38 -10 1
6014 -22 -37 -10 1
6016 -22 -36 -10 1
6015 -22 -35 -10 1
1276 -22 -34 -10 1
6020 -22 -34 -10 1
1277 -22 -33 -10 1
1278 -22 -32 -10 1
6018 -22 -32 -10 1
6013 -22 -31 -10 1
6013 -22 -30 -10 1
6016 -22 -29 -10 1
3143 -22 -29 -10 1
6015 -22 -28 -10 1
6016 -22 -27 -10 1
3147 -22 -27 -10 1
6014 -22 -26 -10 1
6013 -22 -25 -10 1
6015 -22 -24 -10 1
6016 -21 -39 -10 1
6016 -21 -38 -10 1
6015 -21 -37 -10 1
6014 -21 -36 -10 1
6014 -21 -35 -10 1
1279 -21 -34 -10 1
6020 -21 -34 -10 1
1278 -21 -33 -10 1
1277 -21 -32 -10 1
6018 -21 -32 -10 1
6017 -21 -31 -10 1
6013 -21 -30 -10 1
6013 -21 -29 -10 1
6013 -21 -28 -10 1
6015 -21 -27 -10 1
3146 -21 -27 -10 1
6013 -21 -26 -10 1
6016 -21 -25 -10 1
6015 -21 -24 -10 1
3150 -21 -24 -10 1
1276 -20 -39 -10 1
6021 -20 -39 -10 1
1279 -20 -38 -10 1
6021 -20 -38 -10 1
1279 -20 -37 -10 1
6021 -20 -37 -10 1
1276 -20 -36 -10 1
6021 -20 -36 -10 1
1278 -20 -35 -10 1
6021 -20 -35 -10 1
1277 -20 -34 -10 1
1276 -20 -33 -10 1
1279 -20 -32 -10 1
6018 -20 -32 -10 1
6014 -20 -31 -10 1
6014 -20 -30 -10 1
6013 -20 -29 -10 1
6015 -20 -28 -10 1
6013 -20 -27 -10 1
6014 -20 -26 -10 1
6013 -20 -25 -10 1
6013 -20 -24 -10 1
1997 -35 -23 -10 1
937 -35 -23 -9 1
1997 -35 -22 -10 1
937 -35 -22 -9 1
1997 -35 -21 -10 1
937 -35 -21 -9 1
1997 -35 -20 -10 1
937 -35 -20 -9 1
1997 -35 -19 -10 1
937 -35 -19 -9 1
1999 -35 -18 -10 1
937 -35 -18 -9 1
1997 -35 -17 -10 1
937 -35 -17 -9 1
1997 -35 -16 -10 1
938 -35 -16 -9 1
6041 -27 -23 -9 1
6039 -26 -23 -9 1
6041 -26 -22 -9 1
6042 -26 -21 -9 1
6015 -25 -23 -10 1
6045 -25 -23 -9 1
6003 -25 -23 -9 1
6015 -25 -22 -10 1
6057 -25 -22 -9 1
6041 -25 -21 -9 1
6014 -24 -23 -10 1
6010 -24 -23 -10 1
6016 -24 -22 -10 1
6047 -24 -22 -9 1
6042 -24 -21 -9 1
6014 -23 -23 -10 1
6016 -23 -22 -10 1
6047 -23 -22 -9 1
6008 -23 -22 -9 1
6042 -23 -21 -9 1
6013 -22 -23 -10 1
3379 -22 -23 -10 1
6016 -22 -22 -10 1
6047 -22 -22 -9 1
6043 -22 -21 -9 1
6015 -21 -23 -10 1
6013 -21 -22 -10 1
6047 -21 -22 -9 1
6040 -21 -21 -9 1
6013 -20 -23 -10 1
6015 -20 -22 -10 1
6047 -20 -22 -9 1
6042 -20 -21 -9 1
6042 -19 -76 -9 1
6058 -19 -75 -9 1
6016 -19 -75 -10 1
6015 -19 -74 -10 1
6055 -19 -74 -9 1
6015 -19 -73 -10 1
6014 -19 -72 -10 1
6043 -18 -76 -9 1
6049 -18 -75 -9 1
6016 -18 -75 -10 1
6016 -18 -74 -10 1
6015 -18 -73 -10 1
6016 -18 -72 -10 1
3204 -18 -72 -10 1
6043 -17 -76 -9 1
6049 -17 -75 -9 1
6015 -17 -75 -10 1
6015 -17 -74 -10 1
3290 -17 -74 -10 1
3292 -17 -74 -10 1
6015 -17 -73 -10 1
6016 -17 -72 -10 1
6039 -16 -76 -9 1
6049 -16 -75 -9 1
6014 -16 -75 -10 1
6014 -16 -74 -10 1
3378 -16 -74 -10 1
6016 -16 -73 -10 1
6013 -16 -72 -10 1
6040 -15 -76 -9 1
6049 -15 -75 -9 1
6015 -15 -75 -10 1
6008 -15 -75 -9 1
6016 -15 -74 -10 1
6015 -15 -73 -10 1
3143 -15 -73 -10 1
6013 -15 -72 -10 1
6043 -14 -76 -9 1
6049 -14 -75 -9 1
6013 -14 -75 -10 1
6005 -14 -75 -10 1
6016 -14 -74 -10 1
3211 -14 -74 -10 1
6015 -14 -73 -10 1
6014 -14 -72 -10 1
6042 -13 -76 -9 1
6059 -13 -75 -9 1
6016 -13 -75 -10 1
6056 -13 -74 -9 1
6013 -13 -74 -10 1
6016 -13 -73 -10 1
6013 -13 -72 -10 1
6039 -12 -76 -9 1
6041 -12 -75 -9 1
6059 -12 -74 -9 1
6015 -12 -74 -10 1
6014 -12 -73 -10 1
6056 -12 -73 -9 1
6015 -12 -72 -10 1
6043 -11 -75 -9 1
6043 -11 -74 -9 1
6014 -11 -73 -10 1
6049 -11 -73 -9 1
6015 -11 -72 -10 1
6041 -10 -74 -9 1
6015 -10 -73 -10 1
6049 -10 -73 -9 1
6013 -10 -72 -10 1
6043 -9 -75 -9 1
6042 -9 -74 -9 1
6013 -9 -73 -10 1
6049 -9 -73 -9 1
6013 -9 -72 -10 1
6043 -8 -75 -9 1
6058 -8 -74 -9 1
6013 -8 -74 -10 1
6015 -8 -73 -10 1
6055 -8 -73 -9 1
6015 -8 -72 -10 1
6040 -7 -75 -9 1
6049 -7 -74 -9 1
6015 -7 -74 -10 1
6014 -7 -73 -10 1
6016 -7 -72 -10 1
3205 -7 -72 -10 1
6042 -6 -75 -9 1
6049 -6 -74 -9 1
6014 -6 -74 -10 1
6013 -6 -73 -10 1
3379 -6 -73 -10 1
6016 -6 -72 -10 1
3141 -6 -72 -10 1
6040 -5 -75 -9 1
6049 -5 -74 -9 1
6013 -5 -74 -10 1
6016 -5 -73 -10 1
6015 -5 -72 -10 1
6040 -4 -76 -9 1
6041 -4 -75 -9 1
6049 -4 -74 -9 1
6013 -4 -74 -10 1
6014 -4 -73 -10 1
6013 -4 -72 -10 1
6014 -19 -71 -10 1
3141 -19 -71 -10 1
6015 -19 -70 -10 1
6016 -19 -69 -10 1
6015 -19 -68 -10 1
6014 -19 -67 -10 1
6013 -19 -66 -10 1
6014 -19 -65 -10 1
6014 -19 -64 -10 1
6013 -19 -63 -10 1
6016 -19 -62 -10 1
6013 -19 -61 -10 1
6015 -19 -60 -10 1
6013 -19 -59 -10 1
6013 -19 -58 -10 1
6013 -19 -57 -10 1
6015 -19 -56 -10 1
6014 -18 -71 -10 1
6016 -18 -70 -10 1
3378 -18 -70 -10 1
6016 -18 -69 -10 1
6014 -18 -68 -10 1
6015 -18 -67 -10 1
6014 -18 -66 -10 1
6013 -18 -65 -10 1
6015 -18 -64 -10 1
6016 -18 -63 -10 1
6014 -18 -62 -10 1
6014 -18 -61 -10 1
6015 -18 -60 -10 1
6015 -18 -59 -10 1
6015 -18 -58 -10 1
6015 -18 -57 -10 1
6015 -18 -56 -10 1
6013 -17 -71 -10 1
6016 -17 -70 -10 1
6014 -17 -69 -10 1
6016 -17 -68 -10 1
6015 -17 -67 -10 1
6016 -17 -66 -10 1
6015 -17 -65 -10 1
6015 -17 -64 -10 1
6014 -17 -63 -10 1
6015 -17 -62 -10 1
6014 -17 -61 -10 1
6016 -17 -60 -10 1
6016 -17 -59 -10 1
6016 -17 -58 -10 1
6013 -17 -57 -10 1
6015 -17 -56 -10 1
6013 -16 -71 -10 1
6015 -16 -70 -10 1
6016 -16 -69 -10 1
6015 -16 -68 -10 1
6015 -16 -67 -10 1
6013 -16 -66 -10 1
6013 -16 -65 -10 1
6016 -16 -64 -10 1
6016 -16 -63 -10 1
6016 -16 -62 -10 1
6013 -16 -61 -10 1
6016 -16 -60 -10 1
6015 -16 -59 -10 1
6014 -16 -58 -10 1
6014 -16 -57 -10 1
6016 -16 -56 -10 1
6015 -15 -71 -10 1
6015 -15 -70 -10 1
6014 -15 -69 -10 1
6014 -15 -68 -10 1
6013 -15 -67 -10 1
6013 -15 -66 -10 1
6014 -15 -65 -10 1
6016 -15 -64 -10 1
6015 -15 -63 -10 1
6015 -15 -62 -10 1
6013 -15 -61 -10 1
6013 -15 -60 -10 1
6014 -15 -59 -10 1
6016 -15 -58 -10 1
6013 -15 -57 -10 1
6015 -15 -56 -10 1
6014 -14 -71 -10 1
6016 -14 -70 -10 1
6016 -14 -69 -10 1
6014 -14 -68 -10 1
6013 -14 -67 -10 1
6014 -14 -66 -10 1
6016 -14 -65 -10 1
6016 -14 -64 -10 1
6014 -14 -63 -10 1
6015 -14 -62 -10 1
6016 -14 -61 -10 1
6015 -14 -60 -10 1
6016 -14 -59 -10 1
6015 -14 -58 -10 1
6015 -14 -57 -10 1
6013 -14 -56 -10 1
6013 -13 -71 -10 1
6014 -13 -70 -10 1
6013 -13 -69 -10 1
6014 -13 -68 -10 1
6014 -13 -67 -10 1
6013 -13 -66 -10 1
6016 -13 -65 -10 1
6014 -13 -64 -10 1
6016 -13 -63 -10 1
6016 -13 -62 -10 1
6015 -13 -61 -10 1
6016 -13 -60 -10 1
6013 -13 -59 -10 1
6016 -13 -58 -10 1
6015 -13 -57 -10 1
6016 -13 -56 -10 1
6015 -12 -71 -10 1
6016 -12 -70 -10 1
3288 -12 -70 -10 1
3289 -12 -70 -10 1
6015 -12 -69 -10 1
6014 -12 -68 -10 1
6013 -12 -67 -10 1
6015 -12 -66 -10 1
6016 -12 -65 -10 1
6015 -12 -64 -10 1
6016 -12 -63 -10 1
6015 -12 -62 -10 1
6015 -12 -61 -10 1
6016 -12 -60 -10 1
6016 -12 -59 -10 1
6014 -12 -58 -10 1
6014 -12 -57 -10 1
6013 -12 -56 -10 1
6013 -11 -71 -10 1
6015 -11 -70 -10 1
6014 -11 -69 -10 1
6013 -11 -68 -10 1
6013 -11 -67 -10 1
6013 -11 -66 -10 1
6014 -11 -65 -10 1
6013 -11 -64 -10 1
6013 -11 -63 -10 1
6016 -11 -62 -10 1
6013 -11 -61 -10 1
6014 -11 -60 -10 1
6014 -11 -59 -10 1
6016 -11 -58 -10 1
6016 -11 -57 -10 1
6014 -11 -56 -10 1
6015 -10 -71 -10 1
6016 -10 -70 -10 1
6015 -10 -69 -10 1
6013 -10 -68 -10 1
6013 -10 -67 -10 1
6015 -10 -66 -10 1
6015 -10 -65 -10 1
6013 -10 -64 -10 1
6014 -10 -63 -10 1
6016 -10 -62 -10 1
6013 -10 -61 -10 1
6014 -10 -60 -10 1
6013 -10 -59 -10 1
6013 -10 -58 -10 1
6013 -10 -57 -10 1
6015 -10 -56 -10 1
6013 -9 -71 -10 1
6016 -9 -70 -10 1
6014 -9 -69 -10 1
6015 -9 -68 -10 1
6013 -9 -67 -10 1
6014 -9 -66 -10 1
6014 -9 -65 -10 1
6013 -9 -64 -10 1
6013 -9 -63 -10 1
6014 -9 -62 -10 1
6016 -9 -61 -10 1
6014 -9 -60 -10 1
6016 -9 -59 -10 1
6016 -9 -58 -10 1
6016 -9 -57 -10 1
6016 -9 -56 -10 1
6015 -8 -71 -10 1
6016 -8 -70 -10 1
6014 -8 -69 -10 1
6016 -8 -68 -10 1
6013 -8 -67 -10 1
6013 -8 -66 -10 1
6016 -8 -65 -10 1
6016 -8 -64 -10 1
6013 -8 -63 -10 1
6013 -8 -62 -10 1
6013 -8 -61 -10 1
6015 -8 -60 -10 1
6016 -8 -59 -10 1
6014 -8 -58 -10 1
6015 -8 -57 -10 1
6015 -8 -56 -10 1
6013 -7 -71 -10 1
6014 -7 -70 -10 1
6013 -7 -69 -10 1
6015 -7 -68 -10 1
6013 -7 -67 -10 1
6013 -7 -66 -10 1
6016 -7 -65 -10 1
6013 -7 -64 -10 1
6015 -7 -63 -10 1
6015 -7 -62 -10 1
6016 -7 -61 -10 1
6015 -7 -60 -10 1
6014 -7 -59 -10 1
6015 -7 -58 -10 1
6015 -7 -57 -10 1
6015 -7 -56 -10 1
6013 -6 -71 -10 1
6016 -6 -70 -10 1
3350 -6 -70 -10 1
6014 -6 -69 -10 1
6016 -6 -68 -10 1
6014 -6 -67 -10 1
6016 -6 -66 -10 1
6016 -6 -65 -10 1
6013 -6 -64 -10 1
6016 -6 -63 -10 1
6015 -6 -62 -10 1
6016 -6 -61 -10 1
6014 -6 -60 -10 1
6015 -6 -59 -10 1
6015 -6 -58 -10 1
6016 -6 -57 -10 1
6015 -6 -56 -10 1
6013 -5 -71 -10 1
6014 -5 -70 -10 1
6015 -5 -69 -10 1
6014 -5 -68 -10 1
6016 -5 -67 -10 1
6015 -5 -66 -10 1
6015 -5 -65 -10 1
6014 -5 -64 -10 1
6015 -5 -63 -10 1
6013 -5 -62 -10 1
6015 -5 -61 -10 1
6015 -5 -60 -10 1
6016 -5 -59 -10 1
6014 -5 -58 -10 1
6016 -5 -57 -10 1
6016 -5 -56 -10 1
6014 -4 -71 -10 1
6013 -4 -70 -10 1
6014 -4 -69 -10 1
6013 -4 -68 -10 1
6015 -4 -67 -10 1
6014 -4 -66 -10 1
6013 -4 -65 -10 1
6014 -4 -64 -10 1
6016 -4 -63 -10 1
6013 -4 -62 -10 1
6013 -4 -61 -10 1
6015 -4 -60 -10 1
6013 -4 -59 -10 1
6016 -4 -58 -10 1
6016 -4 -57 -10 1
6013 -4 -56 -10 1
6015 -19 -55 -10 1
6014 -19 -54 -10 1
6014 -19 -53 -10 1
6016 -19 -52 -10 1
6013 -19 -51 -10 1
6013 -19 -50 -10 1
6013 -19 -49 -10 1
6014 -19 -48 -10 1
6013 -19 -47 -10 1
1276 -19 -46 -10 1
1277 -19 -45 -10 1
1276 -19 -44 -10 1
1276 -19 -43 -10 1
1279 -19 -42 -10 1
1278 -19 -41 -10 1
1279 -19 -40 -10 1
6013 -18 -55 -10 1
6013 -18 -54 -10 1
6014 -18 -53 -10 1
6014 -18 -52 -10 1
6014 -18 -51 -10 1
6016 -18 -50 -10 1
6016 -18 -49 -10 1
6013 -18 -48 -10 1
6014 -18 -47 -10 1
1278 -18 -46 -10 1
1278 -18 -45 -10 1
1276 -18 -44 -10 1
1278 -18 -43 -10 1
1277 -18 -42 -10 1
1278 -18 -41 -10 1
1279 -18 -40 -10 1
6014 -17 -55 -10 1
6013 -17 -54 -10 1
6016 -17 -53 -10 1
6013 -17 -52 -10 1
6016 -17 -51 -10 1
6016 -17 -50 -10 1
6013 -17 -49 -10 1
6016 -17 -48 -10 1
6015 -17 -47 -10 1
1279 -17 -46 -10 1
6019 -17 -46 -10 1
1279 -17 -45 -10 1
6019 -17 -45 -10 1
1277 -17 -44 -10 1
6019 -17 -44 -10 1
1279 -17 -43 -10 1
6019 -17 -43 -10 1
1276 -17 -42 -10 1
6019 -17 -42 -10 1
1278 -17 -41 -10 1
6019 -17 -41 -10 1
1277 -17 -40 -10 1
6019 -17 -40 -10 1
6014 -16 -55 -10 1
6014 -16 -54 -10 1
6015 -16 -53 -10 1
6014 -16 -52 -10 1
6015 -16 -51 -10 1
6016 -16 -50 -10 1
6015 -16 -49 -10 1
6015 -16 -48 -10 1
6016 -16 -47 -10 1
6015 -16 -46 -10 1
6015 -16 -45 -10 1
6014 -16 -44 -10 1
6013 -16 -43 -10 1
6015 -16 -42 -10 1
6013 -16 -41 -10 1
6015 -16 -40 -10 1
6015 -15 -55 -10 1
6016 -15 -54 -10 1
6014 -15 -53 -10 1
6016 -15 -52 -10 1
6015 -15 -51 -10 1
6016 -15 -50 -10 1
6013 -15 -49 -10 1
6015 -15 -48 -10 1
6016 -15 -47 -10 1
6015 -15 -46 -10 1
6016 -15 -45 -10 1
6016 -15 -44 -10 1
6016 -15 -43 -10 1
6014 -15 -42 -10 1
6015 -15 -41 -10 1
6015 -15 -40 -10 1
6015 -14 -55 -10 1
6016 -14 -54 -10 1
6013 -14 -53 -10 1
6013 -14 -52 -10 1
6014 -14 -51 -10 1
6016 -14 -50 -10 1
6016 -14 -49 -10 1
6015 -14 -48 -10 1
6014 -14 -47 -10 1
6014 -14 -46 -10 1
6015 -14 -45 -10 1
6013 -14 -44 -10 1
6016 -14 -43 -10 1
6014 -14 -42 -10 1
6016 -14 -41 -10 1
6013 -14 -40 -10 1
6016 -13 -55 -10 1
6013 -13 -54 -10 1
6013 -13 -53 -10 1
6015 -13 -52 -10 1
6015 -13 -51 -10 1
6014 -13 -50 -10 1
6014 -13 -49 -10 1
6014 -13 -48 -10 1
6016 -13 -47 -10 1
6013 -13 -46 -10 1
6016 -13 -45 -10 1
6016 -13 -44 -10 1
6013 -13 -43 -10 1
6014 -13 -42 -10 1
6015 -13 -41 -10 1
6013 -13 -40 -10 1
6016 -12 -55 -10 1
6014 -12 -54 -10 1
6014 -12 -53 -10 1
6014 -12 -52 -10 1
6015 -12 -51 -10 1
6015 -12 -50 -10 1
6015 -12 -49 -10 1
6014 -12 -48 -10 1
6014 -12 -47 -10 1
6014 -12 -46 -10 1
6014 -12 -45 -10 1
6015 -12 -44 -10 1
6016 -12 -43 -10 1
6015 -12 -42 -10 1
6016 -12 -41 -10 1
6016 -12 -40 -10 1
6013 -11 -55 -10 1
6016 -11 -54 -10 1
6013 -11 -53 -10 1
6015 -11 -52 -10 1
6016 -11 -51 -10 1
6016 -11 -50 -10 1
6013 -11 -49 -10 1
6013 -11 -48 -10 1
6013 -11 -47 -10 1
6016 -11 -46 -10 1
6015 -11 -45 -10 1
6014 -11 -44 -10 1
6016 -11 -43 -10 1
6015 -11 -42 -10 1
6014 -11 -41 -10 1
6014 -11 -40 -10 1
6013 -10 -55 -10 1
6014 -10 -54 -10 1
6015 -10 -53 -10 1
6015 -10 -52 -10 1
6015 -10 -51 -10 1
6016 -10 -50 -10 1
6015 -10 -49 -10 1
6015 -10 -48 -10 1
6013 -10 -47 -10 1
6014 -10 -46 -10 1
6015 -10 -45 -10 1
6016 -10 -44 -10 1
6015 -10 -43 -10 1
6013 -10 -42 -10 1
6013 -10 -41 -10 1
6014 -10 -40 -10 1
6015 -9 -55 -10 1
6015 -9 -54 -10 1
6014 -9 -53 -10 1
6015 -9 -52 -10 1
6016 -9 -51 -10 1
6013 -9 -50 -10 1
6013 -9 -49 -10 1
6015 -9 -48 -10 1
6014 -9 -47 -10 1
6015 -9 -46 -10 1
6016 -9 -45 -10 1
6015 -9 -44 -10 1
6015 -9 -43 -10 1
6013 -9 -42 -10 1
6014 -9 -41 -10 1
6016 -9 -40 -10 1
6015 -8 -55 -10 1
6014 -8 -54 -10 1
6013 -8 -53 -10 1
6013 -8 -52 -10 1
6013 -8 -51 -10 1
6015 -8 -50 -10 1
6014 -8 -49 -10 1
6016 -8 -48 -10 1
6013 -8 -47 -10 1
6015 -8 -46 -10 1
6014 -8 -45 -10 1
6013 -8 -44 -10 1
6015 -8 -43 -10 1
6016 -8 -42 -10 1
6015 -8 -41 -10 1
6016 -8 -40 -10 1
6015 -7 -55 -10 1
6013 -7 -54 -10 1
6014 -7 -53 -10 1
6014 -7 -52 -10 1
6014 -7 -51 -10 1
6013 -7 -50 -10 1
6016 -7 -49 -10 1
6014 -7 -48 -10 1
6013 -7 -47 -10 1
6013 -7 -46 -10 1
6015 -7 -45 -10 1
6016 -7 -44 -10 1
6013 -7 -43 -10 1
6014 -7 -42 -10 1
6013 -7 -41 -10 1
6013 -7 -40 -10 1
6016 -6 -55 -10 1
6013 -6 -54 -10 1
6013 -6 -53 -10 1
6015 -6 -52 -10 1
6016 -6 -51 -10 1
6014 -6 -50 -10 1
6014 -6 -49 -10 1
6015 -6 -48 -10 1
6014 -6 -47 -10 1
6014 -6 -46 -10 1
6013 -6 -45 -10 1
6014 -6 -44 -10 1
6016 -6 -43 -10 1
6015 -6 -42 -10 1
6015 -6 -41 -10 1
6013 -6 -40 -10 1
6014 -5 -55 -10 1
6014 -5 -54 -10 1
6014 -5 -53 -10 1
6016 -5 -52 -10 1
6016 -5 -51 -10 1
6015 -5 -50 -10 1
6013 -5 -49 -10 1
6015 -5 -48 -10 1
6016 -5 -47 -10 1
6013 -5 -46 -10 1
6016 -5 -45 -10 1
6014 -5 -44 -10 1
6015 -5 -43 -10 1
6014 -5 -42 -10 1
6016 -5 -41 -10 1
6014 -5 -40 -10 1
6016 -4 -55 -10 1
6013 -4 -54 -10 1
6013 -4 -53 -10 1
6014 -4 -52 -10 1
6014 -4 -51 -10 1
6016 -4 -50 -10 1
6014 -4 -49 -10 1
6016 -4 -48 -10 1
6013 -4 -47 -10 1
6015 -4 -46 -10 1
6015 -4 -45 -10 1
6015 -4 -44 -10 1
6015 -4 -43 -10 1
6014 -4 -42 -10 1
6015 -4 -41 -10 1
6014 -4 -40 -10 1
1276 -19 -39 -10 1
1277 -19 -38 -10 1
1279 -19 -37 -10 1
1277 -19 -36 -10 1
1277 -19 -35 -10 1
1276 -19 -34 -10 1
1277 -19 -33 -10 1
1276 -19 -32 -10 1
6018 -19 -32 -10 1
6015 -19 -31 -10 1
6016 -19 -30 -10 1
6016 -19 -29 -10 1
6015 -19 -28 -10 1
6016 -19 -27 -10 1
6015 -19 -26 -10 1
6013 -19 -25 -10 1
6015 -19 -24 -10 1
1276 -18 -39 -10 1
1279 -18 -38 -10 1
1279 -18 -37 -10 1
1277 -18 -36 -10 1
1278 -18 -35 -10 1
1277 -18 -34 -10 1
1279 -18 -33 -10 1
1279 -18 -32 -10 1
6018 -18 -32 -10 1
6017 -18 -31 -10 1
6014 -18 -30 -10 1
6015 -18 -29 -10 1
6013 -18 -28 -10 1
6015 -18 -27 -10 1
6015 -18 -26 -10 1
6014 -18 -25 -10 1
6013 -18 -24 -10 1
1278 -17 -39 -10 1
6019 -17 -39 -10 1
1276 -17 -38 -10 1
6019 -17 -38 -10 1
1278 -17 -37 -10 1
6019 -17 -37 -10 1
1278 -17 -36 -10 1
6019 -17 -36 -10 1
1276 -17 -35 -10 1
6019 -17 -35 -10 1
1278 -17 -34 -10 1
1279 -17 -33 -10 1
1277 -17 -32 -10 1
6018 -17 -32 -10 1
6014 -17 -31 -10 1
6016 -17 -30 -10 1
6014 -17 -29 -10 1
6014 -17 -28 -10 1
3144 -17 -28 -10 1
6013 -17 -27 -10 1
6013 -17 -26 -10 1
6013 -17 -25 -10 1
6014 -17 -24 -10 1
6013 -16 -39 -10 1
6015 -16 -38 -10 1
6015 -16 -37 -10 1
6015 -16 -36 -10 1
6014 -16 -35 -10 1
1278 -16 -34 -10 1
6020 -16 -34 -10 1
1276 -16 -33 -10 1
1278 -16 -32 -10 1
6018 -16 -32 -10 1
6016 -16 -31 -10 1
6016 -16 -30 -10 1
6016 -16 -29 -10 1
6015 -16 -28 -10 1
6015 -16 -27 -10 1
6013 -16 -26 -10 1
6014 -16 -25 -10 1
6016 -16 -24 -10 1
6013 -15 -39 -10 1
6014 -15 -38 -10 1
6013 -15 -37 -10 1
6015 -15 -36 -10 1
6013 -15 -35 -10 1
1278 -15 -34 -10 1
6020 -15 -34 -10 1
1278 -15 -33 -10 1
1278 -15 -32 -10 1
6018 -15 -32 -10 1
6014 -15 -31 -10 1
6015 -15 -30 -10 1
6015 -15 -29 -10 1
6015 -15 -28 -10 1
6016 -15 -27 -10 1
6014 -15 -26 -10 1
6015 -15 -25 -10 1
3214 -15 -25 -10 1
6016 -15 -24 -10 1
6014 -14 -39 -10 1
6014 -14 -38 -10 1
6014 -14 -37 -10 1
6015 -14 -36 -10 1
6013 -14 -35 -10 1
1279 -14 -34 -10 1
6020 -14 -34 -10 1
1279 -14 -33 -10 1
1277 -14 -32 -10 1
6018 -14 -32 -10 1
6013 -14 -31 -10 1
6016 -14 -30 -10 1
6016 -14 -29 -10 1
6013 -14 -28 -10 1
6016 -14 -27 -10 1
6014 -14 -26 -10 1
6015 -14 -25 -10 1
6014 -14 -24 -10 1
6014 -13 -39 -10 1
6015 -13 -38 -10 1
6014 -13 -37 -10 1
6013 -13 -36 -10 1
6014 -13 -35 -10 1
1277 -13 -34 -10 1
6020 -13 -34 -10 1
1276 -13 -33 -10 1
1276 -13 -32 -10 1
6018 -13 -32 -10 1
6017 -13 -31 -10 1
6015 -13 -30 -10 1
6015 -13 -29 -10 1
6013 -13 -28 -10 1
6014 -13 -27 -10 1
6014 -13 -26 -10 1
6016 -13 -25 -10 1
6015 -13 -24 -10 1
6016 -12 -39 -10 1
6015 -12 -38 -10 1
6013 -12 -37 -10 1
6013 -12 -36 -10 1
3249 -12 -36 -10 1
6014 -12 -35 -10 1
1279 -12 -34 -10 1
6020 -12 -34 -10 1
1279 -12 -33 -10 1
1277 -12 -32 -10 1
6018 -12 -32 -10 1
6014 -12 -31 -10 1
6014 -12 -30 -10 1
6014 -12 -29 -10 1
6016 -12 -28 -10 1
6015 -12 -27 -10 1
6016 -12 -26 -10 1
6014 -12 -25 -10 1
6016 -12 -24 -10 1
6015 -11 -39 -10 1
6015 -11 -38 -10 1
6014 -11 -37 -10 1
6015 -11 -36 -10 1
3245 -11 -36 -10 1
6016 -11 -35 -10 1
1277 -11 -34 -10 1
6020 -11 -34 -10 1
1279 -11 -33 -10 1
1276 -11 -32 -10 1
6018 -11 -32 -10 1
6016 -11 -31 -10 1
6015 -11 -30 -10 1
6015 -11 -29 -10 1
6016 -11 -28 -10 1
6015 -11 -27 -10 1
6014 -11 -26 -10 1
6016 -11 -25 -10 1
3145 -11 -25 -10 1
6016 -11 -24 -10 1
6014 -10 -39 -10 1
6013 -10 -38 -10 1
6014 -10 -37 -10 1
6016 -10 -36 -10 1
6016 -10 -35 -10 1
1278 -10 -34 -10 1
6020 -10 -34 -10 1
1278 -10 -33 -10 1
1277 -10 -32 -10 1
6018 -10 -32 -10 1
6014 -10 -31 -10 1
6014 -10 -30 -10 1
6013 -10 -29 -10 1
6013 -10 -28 -10 1
6015 -10 -27 -10 1
6015 -10 -26 -10 1
6014 -10 -25 -10 1
6014 -10 -24 -10 1
6016 -9 -39 -10 1
6015 -9 -38 -10 1
6016 -9 -37 -10 1
6015 -9 -36 -10 1
6013 -9 -35 -10 1
1279 -9 -34 -10 1
6020 -9 -34 -10 1
1279 -9 -33 -10 1
1279 -9 -32 -10 1
1279 -9 -31 -10 1
6021 -9 -31 -10 1
1276 -9 -30 -10 1
6021 -9 -30 -10 1
1279 -9 -29 -10 1
6021 -9 -29 -10 1
1279 -9 -28 -10 1
6021 -9 -28 -10 1
1276 -9 -27 -10 1
6021 -9 -27 -10 1
1277 -9 -26 -10 1
6021 -9 -26 -10 1
1279 -9 -25 -10 1
6021 -9 -25 -10 1
1279 -9 -24 -10 1
6021 -9 -24 -10 1
6015 -8 -39 -10 1
6016 -8 -38 -10 1
6016 -8 -37 -10 1
6015 -8 -36 -10 1
6014 -8 -35 -10 1
1277 -8 -34 -10 1
6020 -8 -34 -10 1
1278 -8 -33 -10 1
1277 -8 -32 -10 1
1279 -8 -31 -10 1
1276 -8 -30 -10 1
1278 -8 -29 -10 1
1276 -8 -28 -10 1
1279 -8 -27 -10 1
1276 -8 -26 -10 1
1278 -8 -25 -10 1
1279 -8 -24 -10 1
6013 -7 -39 -10 1
6013 -7 -38 -10 1
6013 -7 -37 -10 1
6013 -7 -36 -10 1
3249 -7 -36 -10 1
6014 -7 -35 -10 1
1279 -7 -34 -10 1
6024 -7 -34 -10 1
1279 -7 -33 -10 1
6019 -7 -33 -10 1
1278 -7 -32 -10 1
6019 -7 -32 -10 1
1278 -7 -31 -10 1
6019 -7 -31 -10 1
1278 -7 -30 -10 1
6019 -7 -30 -10 1
1279 -7 -29 -10 1
6019 -7 -29 -10 1
1279 -7 -28 -10 1
6019 -7 -28 -10 1
1279 -7 -27 -10 1
6019 -7 -27 -10 1
1277 -7 -26 -10 1
6019 -7 -26 -10 1
1277 -7 -25 -10 1
6019 -7 -25 -10 1
1279 -7 -24 -10 1
6019 -7 -24 -10 1
6016 -6 -39 -10 1
6015 -6 -38 -10 1
6016 -6 -37 -10 1
6013 -6 -36 -10 1
3245 -6 -36 -10 1
6014 -6 -35 -10 1
6013 -6 -34 -10 1
6016 -6 -33 -10 1
6014 -6 -32 -10 1
6013 -6 -31 -10 1
6016 -6 -30 -10 1
6013 -6 -29 -10 1
6014 -6 -28 -10 1
6013 -6 -27 -10 1
6015 -6 -26 -10 1
6014 -6 -25 -10 1
6014 -6 -24 -10 1
6015 -5 -39 -10 1
6014 -5 -38 -10 1
6015 -5 -37 -10 1
6015 -5 -36 -10 1
6013 -5 -35 -10 1
6016 -5 -34 -10 1
6015 -5 -33 -10 1
6015 -5 -32 -10 1
6014 -5 -31 -10 1
6013 -5 -30 -10 1
6013 -5 -29 -10 1
6015 -5 -28 -10 1
6016 -5 -27 -10 1
6014 -5 -26 -10 1
6014 -5 -25 -10 1
6014 -5 -24 -10 1
6015 -4 -39 -10 1
6015 -4 -38 -10 1
6014 -4 -37 -10 1
6015 -4 -36 -10 1
6013 -4 -35 -10 1
6015 -4 -34 -10 1
6013 -4 -33 -10 1
6016 -4 -32 -10 1
7138 -4 -32 -10 1
6013 -4 -31 -10 1
6015 -4 -30 -10 1
6016 -4 -29 -10 1
6013 -4 -28 -10 1
6015 -4 -27 -10 1
6013 -4 -26 -10 1
6014 -4 -25 -10 1
6016 -4 -24 -10 1
6014 -19 -23 -10 1
6015 -19 -22 -10 1
6047 -19 -22 -9 1
6043 -19 -21 -9 1
6015 -18 -23 -10 1
6014 -18 -22 -10 1
6047 -18 -22 -9 1
6041 -18 -21 -9 1
6013 -17 -23 -10 1
6016 -17 -22 -10 1
6047 -17 -22 -9 1
6041 -17 -21 -9 1
6041 -17 -20 -9 1
6014 -16 -23 -10 1
2149 -16 -23 -10 1
2143 -16 -23 0 1
1476 -16 -23 20 1
2143 -16 -23 10 1
6016 -16 -22 -10 1
6053 -16 -22 -9 1
2148 -16 -22 -10 1
2145 -16 -22 0 1
1476 -16 -22 20 1
6016 -16 -21 -10 1
6057 -16 -21 -9 1
2148 -16 -21 -10 1
2145 -16 -21 0 1
1476 -16 -21 20 1
6039 -16 -20 -9 1
2148 -16 -20 -10 1
2142 -16 -20 0 1
1476 -16 -20 20 1
2143 -16 -20 10 1
2148 -16 -19 -10 1
2145 -16 -19 0 1
1476 -16 -19 20 1
2148 -16 -18 -10 1
2145 -16 -18 0 1
1479 -16 -18 20 1
2148 -16 -17 -10 1
2142 -16 -17 0 1
2143 -16 -17 10 1
1488 -16 -17 23 1
2148 -16 -16 -10 1
2145 -16 -16 0 1
1488 -16 -16 26 1
2148 -16 -15 -10 1
2145 -16 -15 0 1
1487 -16 -15 26 1
2148 -16 -14 -10 1
2142 -16 -14 0 1
2143 -16 -14 10 1
1487 -16 -14 23 1
2148 -16 -13 -10 1
2145 -16 -13 0 1
1477 -16 -13 20 1
2148 -16 -12 -10 1
2145 -16 -12 0 1
1476 -16 -12 20 1
2148 -16 -11 -10 1
2142 -16 -11 0 1
1476 -16 -11 20 1
2143 -16 -11 10 1
2148 -16 -10 -10 1
2145 -16 -10 0 1
1476 -16 -10 20 1
2148 -16 -9 -10 1
2145 -16 -9 0 1
1476 -16 -9 20 1
2148 -16 -8 -10 1
2142 -16 -8 0 1
1476 -16 -8 20 1
2143 -16 -8 10 1
6014 -15 -23 -10 1
2147 -15 -23 -10 1
2144 -15 -23 0 1
1476 -15 -23 23 1
10631 -15 -22 0 1
1476 -15 -22 23 1
10637 -15 -21 0 1
1476 -15 -21 23 1
10629 -15 -20 0 1
1476 -15 -20 23 1
10638 -15 -19 0 1
1476 -15 -19 23 1
10630 -15 -18 0 1
1476 -15 -18 23 1
10633 -15 -17 0 1
1479 -15 -17 23 1
10636 -15 -16 0 1
1488 -15 -16 26 1
10637 -15 -15 0 1
1487 -15 -15 26 1
10631 -15 -14 0 1
1477 -15 -14 23 1
10637 -15 -13 0 1
1476 -15 -13 23 1
2879 -15 -13 0 1
10630 -15 -12 0 1
1476 -15 -12 23 1
2879 -15 -12 0 1
5047 -15 -12 6 1
10634 -15 -11 0 1
1476 -15 -11 23 1
2879 -15 -11 0 1
10636 -15 -10 0 1
1476 -15 -10 23 1
10637 -15 -9 0 1
1476 -15 -9 23 1
10308 -15 -9 0 1
10629 -15 -8 0 1
1476 -15 -8 23 1
6016 -14 -23 -10 1
2147 -14 -23 -10 1
2141 -14 -23 0 1
2143 -14 -23 10 1
1476 -14 -23 26 1
10628 -14 -22 0 1
1476 -14 -22 26 1
1475 -14 -22 0 1
10638 -14 -21 0 1
1476 -14 -21 26 1
10638 -14 -20 0 1
1476 -14 -20 26 1
10630 -14 -19 0 1
1476 -14 -19 26 1
10637 -14 -18 0 1
1476 -14 -18 26 1
10636 -14 -17 0 1
1476 -14 -17 26 1
10637 -14 -16 0 1
1479 -14 -16 26 1
10635 -14 -15 0 1
1477 -14 -15 26 1
10633 -14 -14 0 1
1476 -14 -14 26 1
10635 -14 -13 0 1
1476 -14 -13 26 1
10635 -14 -12 0 1
1476 -14 -12 26 1
10638 -14 -11 0 1
1476 -14 -11 26 1
10631 -14 -10 0 1
1476 -14 -10 26 1
10631 -14 -9 0 1
1476 -14 -9 26 1
10636 -14 -8 0 1
1476 -14 -8 26 1
6013 -13 -23 -10 1
2147 -13 -23 -10 1
2144 -13 -23 0 1
1475 -13 -23 26 1
10637 -13 -22 0 1
1475 -13 -22 26 1
10628 -13 -21 0 1
1475 -13 -21 26 1
10633 -13 -20 0 1
1475 -13 -20 26 1
10633 -13 -19 0 1
1475 -13 -19 26 1
10632 -13 -18 0 1
1475 -13 -18 26 1
10637 -13 -17 0 1
1475 -13 -17 26 1
10638 -13 -16 0 1
1478 -13 -16 26 1
10630 -13 -15 0 1
1480 -13 -15 26 1
10628 -13 -14 0 1
1475 -13 -14 26 1
10630 -13 -13 0 1
1475 -13 -13 26 1
10635 -13 -12 0 1
1475 -13 -12 26 1
10628 -13 -11 0 1
1475 -13 -11 26 1
10632 -13 -10 0 1
1475 -13 -10 26 1
10629 -13 -9 0 1
1475 -13 -9 26 1
10636 -13 -8 0 1
1475 -13 -8 26 1
6015 -12 -23 -10 1
2147 -12 -23 -10 1
2141 -12 -23 0 1
2143 -12 -23 10 1
1475 -12 -23 23 1
10635 -12 -22 0 1
2142 -12 -22 0 1
2148 -12 -22 -10 1
6014 -12 -22 -10 1
2143 -12 -22 10 1
1475 -12 -22 23 1
10631 -12 -21 0 1
1475 -12 -21 23 1
10628 -12 -20 0 1
1475 -12 -20 23 1
10630 -12 -19 0 1
6014 -12 -19 -10 1
1475 -12 -19 23 1
10630 -12 -18 0 1
2143 -12 -18 0 1
2148 -12 -18 -10 1
6016 -12 -18 -10 1
2143 -12 -18 10 1
1475 -12 -18 23 1
10629 -12 -17 0 1
1478 -12 -17 23 1
10631 -12 -16 0 1
1488 -12 -16 26 1
10628 -12 -15 0 1
1487 -12 -15 26 1
10635 -12 -14 0 1
1339 -12 -14 -10 1
2149 -12 -14 -10 1
2143 -12 -14 0 1
2143 -12 -14 10 1
1480 -12 -14 23 1
10630 -12 -13 0 1
1342 -12 -13 -10 1
2148 -12 -13 -10 1
2145 -12 -13 0 1
1475 -12 -13 23 1
10636 -12 -12 0 1
1343 -12 -12 -10 1
2148 -12 -12 -10 1
2145 -12 -12 0 1
1475 -12 -12 23 1
10629 -12 -11 0 1
1340 -12 -11 -10 1
2148 -12 -11 -10 1
2142 -12 -11 0 1
1475 -12 -11 23 1
2143 -12 -11 10 1
10638 -12 -10 0 1
1341 -12 -10 -10 1
2148 -12 -10 -10 1
2142 -12 -10 0 1
1475 -12 -10 23 1
2143 -12 -10 10 1
10635 -12 -9 0 1
1339 -12 -9 -10 1
2148 -12 -9 -10 1
2145 -12 -9 0 1
1475 -12 -9 23 1
10634 -12 -8 0 1
1342 -12 -8 -10 1
2148 -12 -8 -10 1
2145 -12 -8 0 1
1475 -12 -8 23 1
6015 -11 -23 -10 1
1475 -11 -23 20 1
6016 -11 -22 -10 1
1475 -11 -22 20 1
6013 -11 -21 -10 1
1848 -11 -21 -10 1
1850 -11 -21 -5 1
1475 -11 -21 20 1
6014 -11 -20 -10 1
1848 -11 -20 -10 1
1850 -11 -20 -5 1
1475 -11 -20 20 1
6014 -11 -19 -10 1
1848 -11 -19 -10 1
1850 -11 -19 -5 1
1475 -11 -19 20 1
6016 -11 -18 -10 1
2144 -11 -18 0 1
1478 -11 -18 20 1
10637 -11 -17 0 1
1488 -11 -17 23 1
10637 -11 -16 0 1
1488 -11 -16 26 1
10635 -11 -15 0 1
1487 -11 -15 26 1
10632 -11 -14 0 1
1341 -11 -14 -10 1
2147 -11 -14 -10 1
2144 -11 -14 0 1
1487 -11 -14 23 1
1339 -11 -13 -10 1
1480 -11 -13 20 1
1339 -11 -12 -10 1
1475 -11 -12 20 1
1341 -11 -11 -10 1
1475 -11 -11 20 1
1342 -11 -10 -10 1
1475 -11 -10 20 1
1339 -11 -9 -10 1
1475 -11 -9 20 1
1342 -11 -8 -10 1
1475 -11 -8 20 1
6015 -10 -23 -10 1
6013 -10 -22 -10 1
6014 -10 -21 -10 1
1850 -10 -21 -10 1
6013 -10 -20 -10 1
1850 -10 -20 -10 1
6014 -10 -19 -10 1
1850 -10 -19 -10 1
6014 -10 -18 -10 1
2147 -10 -18 -10 1
2144 -10 -18 0 1
1488 -10 -18 20 1
10634 -10 -17 0 1
1488 -10 -17 23 1
10628 -10 -16 0 1
1488 -10 -16 26 1
10635 -10 -15 0 1
1487 -10 -15 26 1
10633 -10 -14 0 1
1342 -10 -14 -10 1
2147 -10 -14 -10 1
2144 -10 -14 0 1
1487 -10 -14 23 1
1343 -10 -13 -10 1
1487 -10 -13 20 1
1343 -10 -12 -10 1
1343 -10 -11 -10 1
6916 -10 -11 -10 1
1339 -10 -10 -10 1
1341 -10 -9 -10 1
1343 -10 -8 -10 1
1276 -9 -23 -10 1
6021 -9 -23 -10 1
1278 -9 -22 -10 1
6021 -9 -22 -10 1
1276 -9 -21 -10 1
1276 -9 -20 -10 1
1276 -9 -19 -10 1
6015 -9 -18 -10 1
2147 -9 -18 -10 1
2141 -9 -18 0 1
2143 -9 -18 10 1
1488 -9 -18 20 1
10632 -9 -17 0 1
1488 -9 -17 23 1
10631 -9 -16 0 1
1488 -9 -16 26 1
10638 -9 -15 0 1
1487 -9 -15 26 1
10633 -9 -14 0 1
1340 -9 -14 -10 1
2147 -9 -14 -10 1
2141 -9 -14 0 1
2143 -9 -14 6 1
1487 -9 -14 23 1
1342 -9 -13 -10 1
1487 -9 -13 20 1
1340 -9 -12 -10 1
1339 -9 -11 -10 1
1342 -9 -10 -10 1
1339 -9 -9 -10 1
1343 -9 -8 -10 1
1276 -8 -23 -10 1
1276 -8 -22 -10 1
1277 -8 -21 -10 1
1277 -8 -20 -10 1
1277 -8 -19 -10 1
6014 -8 -18 -10 1
2147 -8 -18 -10 1
2144 -8 -18 0 1
1488 -8 -18 20 1
10637 -8 -17 0 1
1488 -8 -17 23 1
10633 -8 -16 0 1
1488 -8 -16 26 1
10637 -8 -15 0 1
1487 -8 -15 26 1
1339 -8 -14 -10 1
1848 -8 -14 -10 1
1858 -8 -14 -5 1
1487 -8 -14 23 1
1341 -8 -13 -10 1
1862 -8 -13 -10 1
1487 -8 -13 20 1
1342 -8 -12 -10 1
1343 -8 -11 -10 1
1339 -8 -10 -10 1
1342 -8 -9 -10 1
1341 -8 -8 -10 1
1276 -7 -23 -10 1
6019 -7 -23 -10 1
1279 -7 -22 -10 1
6019 -7 -22 -10 1
1278 -7 -21 -10 1
6019 -7 -21 -10 1
1277 -7 -20 -10 1
6019 -7 -20 -10 1
1276 -7 -19 -10 1
6025 -7 -19 -10 1
6015 -7 -18 -10 1
2147 -7 -18 -10 1
2144 -7 -18 0 1
1488 -7 -18 20 1
10631 -7 -17 0 1
1488 -7 -17 23 1
10638 -7 -16 0 1
1488 -7 -16 26 1
10628 -7 -15 0 1
1487 -7 -15 26 1
1342 -7 -14 -10 1
1848 -7 -14 -10 1
1849 -7 -14 -5 1
1487 -7 -14 23 1
1342 -7 -13 -10 1
1849 -7 -13 -10 1
1487 -7 -13 20 1
1340 -7 -12 -10 1
1341 -7 -11 -10 1
1342 -7 -10 -10 1
1340 -7 -9 -10 1
1341 -7 -8 -10 1
6016 -6 -23 -10 1
6013 -6 -22 -10 1
6013 -6 -21 -10 1
6013 -6 -20 -10 1
6016 -6 -19 -10 1
6016 -6 -18 -10 1
2147 -6 -18 -10 1
2141 -6 -18 0 1
2143 -6 -18 10 1
1488 -6 -18 20 1
10635 -6 -17 0 1
1488 -6 -17 23 1
10631 -6 -16 0 1
1488 -6 -16 26 1
10630 -6 -15 0 1
1487 -6 -15 26 1
1339 -6 -14 -10 1
1848 -6 -14 -10 1
1849 -6 -14 -5 1
1487 -6 -14 23 1
1339 -6 -13 -10 1
1849 -6 -13 -10 1
1487 -6 -13 20 1
1340 -6 -12 -10 1
1341 -6 -11 -10 1
1343 -6 -10 -10 1
1339 -6 -9 -10 1
1341 -6 -8 -10 1
6013 -5 -23 -10 1
6014 -5 -22 -10 1
6013 -5 -21 -10 1
6016 -5 -20 -10 1
6016 -5 -19 -10 1
6016 -5 -18 -10 1
6054 -5 -18 -9 1
2147 -5 -18 -10 1
2144 -5 -18 0 1
1488 -5 -18 20 1
10636 -5 -17 0 1
1488 -5 -17 23 1
10635 -5 -16 0 1
1488 -5 -16 26 1
10629 -5 -15 0 1
1487 -5 -15 26 1
1343 -5 -14 -10 1
1848 -5 -14 -10 1
1849 -5 -14 -5 1
1487 -5 -14 23 1
1340 -5 -13 -10 1
1849 -5 -13 -10 1
1487 -5 -13 20 1
1341 -5 -12 -10 1
1340 -5 -11 -10 1
1339 -5 -10 -10 1
1341 -5 -9 -10 1
1340 -5 -8 -10 1
6014 -4 -23 -10 1
6016 -4 -22 -10 1
6016 -4 -21 -10 1
6015 -4 -20 -10 1
6016 -4 -19 -10 1
6016 -4 -18 -10 1
6047 -4 -18 -9 1
2147 -4 -18 -10 1
2144 -4 -18 0 1
1488 -4 -18 20 1
10638 -4 -17 0 1
1488 -4 -17 23 1
10631 -4 -16 0 1
1488 -4 -16 26 1
10635 -4 -15 0 1
1487 -4 -15 26 1
1343 -4 -14 -10 1
1848 -4 -14 -10 1
1860 -4 -14 -5 1
2143 -4 -14 0 1
2143 -4 -14 10 1
1487 -4 -14 23 1
1341 -4 -13 -10 1
1861 -4 -13 -10 1
1487 -4 -13 20 1
1339 -4 -12 -10 1
1343 -4 -11 -10 1
1340 -4 -10 -10 1
1339 -4 -9 -10 1
1340 -4 -8 -10 1
2148 -16 -7 -10 1
2145 -16 -7 0 1
1476 -16 -7 20 1
2148 -16 -6 -10 1
2145 -16 -6 0 1
1476 -16 -6 20 1
2148 -16 -5 -10 1
2142 -16 -5 0 1
1476 -16 -5 20 1
2143 -16 -5 10 1
2148 -16 -4 -10 1
2145 -16 -4 0 1
1476 -16 -4 20 1
2148 -16 -3 -10 1
2145 -16 -3 0 1
1479 -16 -3 20 1
2148 -16 -2 -10 1
2142 -16 -2 0 1
2143 -16 -2 10 1
1488 -16 -2 23 1
2148 -16 -1 -10 1
2145 -16 -1 0 1
1488 -16 -1 26 1
2148 -16 0 -10 1
2145 -16 0 0 1
1487 -16 0 26 1
2148 -16 1 -10 1
2142 -16 1 0 1
2143 -16 1 10 1
1487 -16 1 23 1
1477 -16 2 20 1
10631 -15 -7 0 1
1476 -15 -7 23 1
2879 -15 -7 0 1
7164 -15 -7 6 1
10633 -15 -6 0 1
1476 -15 -6 23 1
2879 -15 -6 0 1
5116 -15 -6 6 1
10636 -15 -5 0 1
1476 -15 -5 23 1
2879 -15 -5 0 1
10628 -15 -4 0 1
1476 -15 -4 23 1
10635 -15 -3 0 1
1476 -15 -3 23 1
10630 -15 -2 0 1
1479 -15 -2 23 1
10630 -15 -1 0 1
1488 -15 -1 26 1
10628 -15 0 0 1
1487 -15 0 26 1
10636 -15 1 0 1
2147 -15 1 -10 1
2144 -15 1 0 1
1477 -15 1 23 1
1476 -15 2 23 1
10638 -14 -7 0 1
1476 -14 -7 26 1
10631 -14 -6 0 1
1476 -14 -6 26 1
10630 -14 -5 0 1
1476 -14 -5 26 1
10634 -14 -4 0 1
1476 -14 -4 26 1
10632 -14 -3 0 1
1476 -14 -3 26 1
10632 -14 -2 0 1
1476 -14 -2 26 1
10634 -14 -1 0 1
1479 -14 -1 26 1
10631 -14 0 0 1
1477 -14 0 26 1
10638 -14 1 0 1
2147 -14 1 -10 1
2144 -14 1 0 1
1476 -14 1 26 1
1476 -14 2 26 1
10637 -13 -7 0 1
1475 -13 -7 26 1
10630 -13 -6 0 1
1475 -13 -6 26 1
10635 -13 -5 0 1
1475 -13 -5 26 1
10635 -13 -4 0 1
1475 -13 -4 26 1
10629 -13 -3 0 1
1475 -13 -3 26 1
10635 -13 -2 0 1
1475 -13 -2 26 1
10634 -13 -1 0 1
1478 -13 -1 26 1
10634 -13 0 0 1
1480 -13 0 26 1
10630 -13 1 0 1
2147 -13 1 -10 1
2141 -13 1 0 1
2143 -13 1 10 1
1475 -13 1 26 1
1475 -13 2 26 1
10637 -12 -7 0 1
1340 -12 -7 -10 1
2148 -12 -7 -10 1
2142 -12 -7 0 1
1475 -12 -7 23 1
2143 -12 -7 10 1
10637 -12 -6 0 1
1341 -12 -6 -10 1
2148 -12 -6 -10 1
2142 -12 -6 0 1
1475 -12 -6 23 1
2143 -12 -6 10 1
10631 -12 -5 0 1
1343 -12 -5 -10 1
2148 -12 -5 -10 1
2145 -12 -5 0 1
1475 -12 -5 23 1
10629 -12 -4 0 1
1343 -12 -4 -10 1
2148 -12 -4 -10 1
2145 -12 -4 0 1
1475 -12 -4 23 1
1341 -12 -3 0 1
10631 -12 -3 0 1
1343 -12 -3 -10 1
2148 -12 -3 -10 1
2142 -12 -3 0 1
1475 -12 -3 23 1
2143 -12 -3 10 1
10632 -12 -2 0 1
1478 -12 -2 23 1
10634 -12 -1 0 1
1488 -12 -1 26 1
10637 -12 0 0 1
1487 -12 0 26 1
10629 -12 1 0 1
2147 -12 1 -10 1
2144 -12 1 0 1
1480 -12 1 23 1
1475 -12 2 23 1
1343 -11 -7 -10 1
1475 -11 -7 20 1
1342 -11 -6 -10 1
1475 -11 -6 20 1
1339 -11 -5 -10 1
1475 -11 -5 20 1
1342 -11 -4 -10 1
1475 -11 -4 20 1
1341 -11 -3 -10 1
2144 -11 -3 0 1
1478 -11 -3 20 1
10628 -11 -2 0 1
1488 -11 -2 23 1
10629 -11 -1 0 1
1488 -11 -1 26 1
10638 -11 0 0 1
1487 -11 0 26 1
10637 -11 1 0 1
2147 -11 1 -10 1
2144 -11 1 0 1
1487 -11 1 23 1
1480 -11 2 20 1
1342 -10 -7 -10 1
1340 -10 -6 -10 1
1341 -10 -5 -10 1
1342 -10 -4 -10 1
1340 -10 -3 -10 1
2144 -10 -3 0 1
1488 -10 -3 20 1
10630 -10 -2 0 1
1488 -10 -2 23 1
2861 -10 -2 0 1
10632 -10 -1 0 1
1488 -10 -1 26 1
10630 -10 0 0 1
1487 -10 0 26 1
10632 -10 1 0 1
2147 -10 1 -10 1
2141 -10 1 0 1
2143 -10 1 10 1
1487 -10 1 23 1
1487 -10 2 20 1
1343 -9 -7 -10 1
1340 -9 -6 -10 1
1343 -9 -5 -10 1
1340 -9 -4 -10 1
1342 -9 -3 -10 1
2141 -9 -3 0 1
2143 -9 -3 10 1
1488 -9 -3 20 1
10637 -9 -2 0 1
1488 -9 -2 23 1
10632 -9 -1 0 1
1488 -9 -1 26 1
10633 -9 0 0 1
1487 -9 0 26 1
10638 -9 1 0 1
2147 -9 1 -10 1
2144 -9 1 0 1
1487 -9 1 23 1
1487 -9 2 20 1
1340 -8 -7 -10 1
1343 -8 -6 -10 1
1339 -8 -5 -10 1
6918 -8 -5 -10 1
1341 -8 -4 -10 1
1339 -8 -3 -10 1
2141 -8 -3 0 1
2143 -8 -3 10 1
1488 -8 -3 20 1
10632 -8 -2 0 1
1488 -8 -2 23 1
10629 -8 -1 0 1
1488 -8 -1 26 1
10636 -8 0 0 1
1487 -8 0 26 1
10632 -8 1 0 1
2147 -8 1 -10 1
2144 -8 1 0 1
1487 -8 1 23 1
1487 -8 2 20 1
1340 -7 -7 -10 1
1342 -7 -6 -10 1
1343 -7 -5 -10 1
1341 -7 -4 -10 1
1343 -7 -3 -10 1
2144 -7 -3 0 1
1488 -7 -3 20 1
10631 -7 -2 0 1
1488 -7 -2 23 1
10632 -7 -1 0 1
1488 -7 -1 26 1
10637 -7 0 0 1
1487 -7 0 26 1
10635 -7 1 0 1
2147 -7 1 -10 1
2141 -7 1 0 1
2143 -7 1 10 1
1487 -7 1 23 1
1487 -7 2 20 1
1343 -6 -7 -10 1
6919 -6 -7 -10 1
1342 -6 -6 -10 1
1342 -6 -5 -10 1
1340 -6 -4 -10 1
1342 -6 -3 -10 1
2144 -6 -3 0 1
1488 -6 -3 20 1
10630 -6 -2 0 1
1488 -6 -2 23 1
10637 -6 -1 0 1
1488 -6 -1 26 1
10632 -6 0 0 1
1487 -6 0 26 1
10638 -6 1 0 1
2147 -6 1 -10 1
2141 -6 1 0 1
2143 -6 1 10 1
1487 -6 1 23 1
1487 -6 2 20 1
1343 -5 -7 -10 1
6918 -5 -7 -10 1
1340 -5 -6 -10 1
1341 -5 -5 -10 1
1340 -5 -4 -10 1
1340 -5 -3 -10 1
2141 -5 -3 0 1
2143 -5 -3 10 1
1488 -5 -3 20 1
10630 -5 -2 0 1
1488 -5 -2 23 1
10629 -5 -1 0 1
1488 -5 -1 26 1
10637 -5 0 0 1
1487 -5 0 26 1
10633 -5 1 0 1
2147 -5 1 -10 1
2144 -5 1 0 1
1487 -5 1 23 1
1487 -5 2 20 1
1340 -4 -7 -10 1
1340 -4 -6 -10 1
1339 -4 -5 -10 1
1339 -4 -4 -10 1
1343 -4 -3 -10 1
2141 -4 -3 0 1
2143 -4 -3 10 1
1488 -4 -3 20 1
10638 -4 -2 0 1
1488 -4 -2 23 1
10634 -4 -1 0 1
1488 -4 -1 26 1
10630 -4 0 0 1
1487 -4 0 26 1
10637 -4 1 0 1
2147 -4 1 -10 1
2144 -4 1 0 1
1487 -4 1 23 1
1487 -4 2 20 1
6040 -3 -76 -9 1
6058 -3 -75 -9 1
6014 -3 -75 -10 1
6055 -3 -74 -9 1
6014 -3 -74 -10 1
6016 -3 -73 -10 1
6014 -3 -72 -10 1
6039 -2 -76 -9 1
6049 -2 -75 -9 1
6016 -2 -75 -10 1
6015 -2 -74 -10 1
6013 -2 -73 -10 1
3293 -2 -73 -10 1
3294 -2 -73 -10 1
6013 -2 -72 -10 1
3317 -2 -72 -10 1
6040 -1 -76 -9 1
6049 -1 -75 -9 1
6014 -1 -75 -10 1
6014 -1 -74 -10 1
6014 -1 -73 -10 1
3212 -1 -73 -10 1
6015 -1 -72 -10 1
3318 -1 -72 -10 1
6039 0 -76 -9 1
6049 0 -75 -9 1
6013 0 -75 -10 1
6016 0 -74 -10 1
6014 0 -73 -10 1
6015 0 -72 -10 1
3319 0 -72 -10 1
6039 1 -76 -9 1
6049 1 -75 -9 1
6016 1 -75 -10 1
6016 1 -74 -10 1
3277 1 -74 -10 1
3278 1 -74 -10 1
6016 1 -73 -10 1
6015 1 -72 -10 1
6041 2 -76 -9 1
6059 2 -75 -9 1
6016 2 -75 -10 1
6056 2 -74 -9 1
6014 2 -74 -10 1
6015 2 -73 -10 1
3352 2 -73 -10 1
6014 2 -72 -10 1
6042 3 -76 -9 1
6042 3 -75 -9 1
6049 3 -74 -9 1
6014 3 -74 -10 1
6015 3 -73 -10 1
6014 3 -72 -10 1
6042 4 -75 -9 1
6059 4 -74 -9 1
6015 4 -74 -10 1
6051 4 -73 -9 1
6014 4 -73 -10 1
6056 4 -72 -9 1
6014 4 -72 -10 1
6013 -3 -71 -10 1
6015 -3 -70 -10 1
6015 -3 -69 -10 1
3378 -3 -69 -10 1
6016 -3 -68 -10 1
6016 -3 -67 -10 1
6013 -3 -66 -10 1
6014 -3 -65 -10 1
6016 -3 -64 -10 1
6016 -3 -63 -10 1
3248 -3 -63 -10 1
6016 -3 -62 -10 1
3248 -3 -62 -10 1
6015 -3 -61 -10 1
6013 -3 -60 -10 1
6016 -3 -59 -10 1
6015 -3 -58 -10 1
6016 -3 -57 -10 1
6013 -3 -56 -10 1
6015 -2 -71 -10 1
6015 -2 -70 -10 1
6016 -2 -69 -10 1
6014 -2 -68 -10 1
3145 -2 -68 -10 1
6013 -2 -67 -10 1
3277 -2 -67 -10 1
3278 -2 -67 -10 1
6014 -2 -66 -10 1
3230 -2 -66 -10 1
6016 -2 -65 -10 1
6016 -2 -64 -10 1
3391 -2 -64 -10 1
6015 -2 -63 -10 1
3205 -2 -63 -10 1
6015 -2 -62 -10 1
6016 -2 -61 -10 1
3378 -2 -61 -10 1
6014 -2 -60 -10 1
3283 -2 -60 -10 1
3284 -2 -60 -10 1
6013 -2 -59 -10 1
3141 -2 -59 -10 1
6014 -2 -58 -10 1
6016 -2 -57 -10 1
3296 -2 -57 -10 1
3297 -2 -57 -10 1
6016 -2 -56 -10 1
6015 -1 -71 -10 1
6013 -1 -70 -10 1
4012 -1 -70 -10 1
6015 -1 -69 -10 1
6015 -1 -68 -10 1
6016 -1 -67 -10 1
6016 -1 -66 -10 1
6013 -1 -65 -10 1
6015 -1 -64 -10 1
6015 -1 -63 -10 1
6014 -1 -62 -10 1
6014 -1 -61 -10 1
6015 -1 -60 -10 1
6014 -1 -59 -10 1
6016 -1 -58 -10 1
6014 -1 -57 -10 1
6015 -1 -56 -10 1
6016 0 -71 -10 1
6013 0 -70 -10 1
6016 0 -69 -10 1
6015 0 -68 -10 1
6013 0 -67 -10 1
6014 0 -66 -10 1
6014 0 -65 -10 1
6016 0 -64 -10 1
6014 0 -63 -10 1
6015 0 -62 -10 1
6016 0 -61 -10 1
6015 0 -60 -10 1
6016 0 -59 -10 1
6013 0 -58 -10 1
6016 0 -57 -10 1
6013 0 -56 -10 1
6015 1 -71 -10 1
6016 1 -70 -10 1
6016 1 -69 -10 1
6016 1 -68 -10 1
6014 1 -67 -10 1
6013 1 -66 -10 1
6015 1 -65 -10 1
6016 1 -64 -10 1
6013 1 -63 -10 1
6013 1 -62 -10 1
6014 1 -61 -10 1
6014 1 -60 -10 1
6016 1 -59 -10 1
6013 1 -58 -10 1
6014 1 -57 -10 1
6016 1 -56 -10 1
6015 2 -71 -10 1
6013 2 -70 -10 1
6013 2 -69 -10 1
6013 2 -68 -10 1
6015 2 -67 -10 1
6014 2 -66 -10 1
3290 2 -66 -10 1
3291 2 -66 -10 1
6014 2 -65 -10 1
6014 2 -64 -10 1
6015 2 -63 -10 1
3283 2 -63 -10 1
3285 2 -63 -10 1
6016 2 -62 -10 1
3148 2 -62 -10 1
6015 2 -61 -10 1
6013 2 -60 -10 1
6016 2 -59 -10 1
6013 2 -58 -10 1
3277 2 -58 -10 1
3278 2 -58 -10 1
6014 2 -57 -10 1
6016 2 -56 -10 1
6013 3 -71 -10 1
3519 3 -71 -10 1
6013 3 -70 -10 1
6013 3 -69 -10 1
6014 3 -68 -10 1
6014 3 -67 -10 1
6015 3 -66 -10 1
6013 3 -65 -10 1
3378 3 -65 -10 1
6015 3 -64 -10 1
6014 3 -63 -10 1
6016 3 -62 -10 1
6014 3 -61 -10 1
6015 3 -60 -10 1
3211 3 -60 -10 1
6015 3 -59 -10 1
6054 3 -59 -9 1
6014 3 -58 -10 1
6051 3 -58 -9 1
6013 3 -57 -10 1
6051 3 -57 -9 1
6013 3 -56 -10 1
6051 3 -56 -9 1
6016 4 -71 -10 1
5344 4 -71 -10 1
6014 4 -70 -10 1
6016 4 -69 -10 1
3379 4 -69 -10 1
6013 4 -68 -10 1
6014 4 -67 -10 1
3148 4 -67 -10 1
6015 4 -66 -10 1
3349 4 -66 -10 1
6014 4 -65 -10 1
6016 4 -64 -10 1
6015 4 -63 -10 1
6054 4 -62 -9 1
6016 4 -62 -10 1
6051 4 -61 -9 1
6015 4 -61 -10 1
6051 4 -60 -9 1
6014 4 -60 -10 1
6060 4 -59 -9 1
6013 4 -59 -10 1
6042 4 -58 -9 1
6039 4 -57 -9 1
6040 4 -56 -9 1
6013 -3 -55 -10 1
6013 -3 -54 -10 1
6014 -3 -53 -10 1
3247 -3 -53 -10 1
6015 -3 -52 -10 1
3247 -3 -52 -10 1
6016 -3 -51 -10 1
6013 -3 -50 -10 1
6015 -3 -49 -10 1
6015 -3 -48 -10 1
6014 -3 -47 -10 1
6016 -3 -46 -10 1
3248 -3 -46 -10 1
6014 -3 -45 -10 1
6013 -3 -44 -10 1
6014 -3 -43 -10 1
6014 -3 -42 -10 1
3247 -3 -42 -10 1
6014 -3 -41 -10 1
6013 -3 -40 -10 1
6016 -2 -55 -10 1
6016 -2 -54 -10 1
6015 -2 -53 -10 1
3302 -2 -53 -10 1
3303 -2 -53 -10 1
6016 -2 -52 -10 1
6014 -2 -51 -10 1
6016 -2 -50 -10 1
6015 -2 -49 -10 1
3142 -2 -49 -10 1
6015 -2 -48 -10 1
3302 -2 -48 -10 1
3304 -2 -48 -10 1
6013 -2 -47 -10 1
3379 -2 -47 -10 1
6013 -2 -46 -10 1
6014 -2 -45 -10 1
6016 -2 -44 -10 1
3145 -2 -44 -10 1
6014 -2 -43 -10 1
3283 -2 -43 -10 1
3285 -2 -43 -10 1
6016 -2 -42 -10 1
6014 -2 -41 -10 1
6014 -2 -40 -10 1
6015 -1 -55 -10 1
6013 -1 -54 -10 1
6016 -1 -53 -10 1
6014 -1 -52 -10 1
6015 -1 -51 -10 1
6014 -1 -50 -10 1
6013 -1 -49 -10 1
6014 -1 -48 -10 1
6013 -1 -47 -10 1
6014 -1 -46 -10 1
6016 -1 -45 -10 1
6013 -1 -44 -10 1
6014 -1 -43 -10 1
3378 -1 -43 -10 1
6015 -1 -42 -10 1
6016 -1 -41 -10 1
3211 -1 -41 -10 1
6013 -1 -40 -10 1
3379 -1 -40 -10 1
6014 0 -55 -10 1
6015 0 -54 -10 1
6013 0 -53 -10 1
6014 0 -52 -10 1
6014 0 -51 -10 1
6015 0 -50 -10 1
6016 0 -49 -10 1
6013 0 -48 -10 1
6016 0 -47 -10 1
3149 0 -47 -10 1
6014 0 -46 -10 1
6016 0 -45 -10 1
3150 0 -45 -10 1
6013 0 -44 -10 1
6016 0 -43 -10 1
6015 0 -42 -10 1
6014 0 -41 -10 1
6013 0 -40 -10 1
6013 1 -55 -10 1
6016 1 -54 -10 1
3378 1 -54 -10 1
6016 1 -53 -10 1
6013 1 -52 -10 1
3145 1 -52 -10 1
6016 1 -51 -10 1
6013 1 -50 -10 1
6016 1 -49 -10 1
6016 1 -48 -10 1
6013 1 -47 -10 1
6014 1 -46 -10 1
6015 1 -45 -10 1
6013 1 -44 -10 1
6014 1 -43 -10 1
6013 1 -42 -10 1
6016 1 -41 -10 1
6013 1 -40 -10 1
6014 2 -55 -10 1
3290 2 -55 -10 1
3291 2 -55 -10 1
6016 2 -54 -10 1
6013 2 -53 -10 1
6014 2 -52 -10 1
6013 2 -51 -10 1
6013 2 -50 -10 1
3277 2 -50 -10 1
3279 2 -50 -10 1
6014 2 -49 -10 1
6013 2 -48 -10 1
3391 2 -48 -10 1
6016 2 -47 -10 1
3296 2 -47 -10 1
3297 2 -47 -10 1
6016 2 -46 -10 1
6013 2 -45 -10 1
6015 2 -44 -10 1
6015 2 -43 -10 1
3296 2 -43 -10 1
3298 2 -43 -10 1
6014 2 -42 -10 1
6016 2 -41 -10 1
6016 2 -40 -10 1
3288 2 -40 -10 1
3289 2 -40 -10 1
6016 3 -55 -10 1
6056 3 -55 -9 1
6016 3 -54 -10 1
6014 3 -53 -10 1
6013 3 -52 -10 1
6016 3 -51 -10 1
6016 3 -50 -10 1
3214 3 -50 -10 1
6016 3 -49 -10 1
6015 3 -48 -10 1
6013 3 -47 -10 1
6016 3 -46 -10 1
6014 3 -45 -10 1
3205 3 -45 -10 1
6014 3 -44 -10 1
3378 3 -44 -10 1
6013 3 -43 -10 1
6016 3 -42 -10 1
6014 3 -41 -10 1
3147 3 -41 -10 1
6015 3 -40 -10 1
6059 4 -55 -9 1
6015 4 -55 -10 1
6051 4 -54 -9 1
6013 4 -54 -10 1
6051 4 -53 -9 1
6013 4 -53 -10 1
6051 4 -52 -9 1
6015 4 -52 -10 1
6051 4 -51 -9 1
6016 4 -51 -10 1
6051 4 -50 -9 1
6013 4 -50 -10 1
6051 4 -49 -9 1
6016 4 -49 -10 1
6051 4 -48 -9 1
6013 4 -48 -10 1
6056 4 -47 -9 1
6014 4 -47 -10 1
6015 4 -46 -10 1
6016 4 -45 -10 1
6015 4 -44 -10 1
6013 4 -43 -10 1
6015 4 -42 -10 1
6014 4 -41 -10 1
6015 4 -40 -10 1
6014 -3 -39 -10 1
6014 -3 -38 -10 1
3247 -3 -38 -10 1
6013 -3 -37 -10 1
6015 -3 -36 -10 1
6016 -3 -35 -10 1
6015 -3 -34 -10 1
3204 -3 -34 -10 1
6013 -3 -33 -10 1
6013 -3 -32 -10 1
6015 -3 -31 -10 1
4152 -3 -31 -10 1
6014 -3 -30 -10 1
6015 -3 -29 -10 1
3146 -3 -29 -10 1
6015 -3 -28 -10 1
6014 -3 -27 -10 1
6015 -3 -26 -10 1
6016 -3 -25 -10 1
6016 -3 -24 -10 1
6016 -2 -39 -10 1
3299 -2 -39 -10 1
3300 -2 -39 -10 1
6016 -2 -38 -10 1
6013 -2 -37 -10 1
6015 -2 -36 -10 1
6015 -2 -35 -10 1
3299 -2 -35 -10 1
3301 -2 -35 -10 1
6013 -2 -34 -10 1
6015 -2 -33 -10 1
6014 -2 -32 -10 1
3670 -2 -32 -10 1
6014 -2 -31 -10 1
6015 -2 -30 -10 1
6015 -2 -29 -10 1
6013 -2 -28 -10 1
6013 -2 -27 -10 1
6014 -2 -26 -10 1
6015 -2 -25 -10 1
6014 -2 -24 -10 1
3145 -2 -24 -10 1
6016 -1 -39 -10 1
6014 -1 -38 -10 1
6016 -1 -37 -10 1
6014 -1 -36 -10 1
6013 -1 -35 -10 1
6015 -1 -34 -10 1
6013 -1 -33 -10 1
3149 -1 -33 -10 1
6016 -1 -32 -10 1
4152 -1 -32 -10 1
6016 -1 -31 -10 1
6014 -1 -30 -10 1
6014 -1 -29 -10 1
3667 -1 -29 -10 1
6016 -1 -28 -10 1
3666 -1 -28 -10 1
6013 -1 -27 -10 1
6014 -1 -26 -10 1
6016 -1 -25 -10 1
6015 -1 -24 -10 1
6014 0 -39 -10 1
6016 0 -38 -10 1
6013 0 -37 -10 1
3144 0 -37 -10 1
6016 0 -36 -10 1
6016 0 -35 -10 1
6016 0 -34 -10 1
6015 0 -33 -10 1
6016 0 -32 -10 1
6014 0 -31 -10 1
6015 0 -30 -10 1
6013 0 -29 -10 1
6013 0 -28 -10 1
6013 0 -27 -10 1
6014 0 -26 -10 1
6016 0 -25 -10 1
6016 0 -24 -10 1
6013 1 -39 -10 1
6014 1 -38 -10 1
6013 1 -37 -10 1
6014 1 -36 -10 1
6013 1 -35 -10 1
6013 1 -34 -10 1
6013 1 -33 -10 1
6013 1 -32 -10 1
6016 1 -31 -10 1
6016 1 -30 -10 1
6015 1 -29 -10 1
6014 1 -28 -10 1
6014 1 -27 -10 1
6014 1 -26 -10 1
6008 1 -26 -10 1
6016 1 -25 -10 1
3378 1 -25 -10 1
6013 1 -24 -10 1
6054 1 -24 -9 1
6011 1 -24 -10 1
3230 1 -24 -10 1
6014 2 -39 -10 1
6016 2 -38 -10 1
6014 2 -37 -10 1
3293 2 -37 -10 1
3295 2 -37 -10 1
6014 2 -36 -10 1
6016 2 -35 -10 1
6016 2 -34 -10 1
3299 2 -34 -10 1
3300 2 -34 -10 1
6014 2 -33 -10 1
3379 2 -33 -10 1
6016 2 -32 -10 1
6014 2 -31 -10 1
3378 2 -31 -10 1
6015 2 -30 -10 1
6013 2 -29 -10 1
3378 2 -29 -10 1
6013 2 -28 -10 1
3379 2 -28 -10 1
6013 2 -27 -10 1
6001 2 -27 -10 1
6016 2 -26 -10 1
6054 2 -26 -9 1
6010 2 -26 -10 1
6013 2 -25 -10 1
6051 2 -25 -9 1
6002 2 -25 -9 1
6015 2 -24 -10 1
6060 2 -24 -9 1
6001 2 -24 -9 1
6013 3 -39 -10 1
6016 3 -38 -10 1
3379 3 -38 -10 1
6016 3 -37 -10 1
6014 3 -36 -10 1
6016 3 -35 -10 1
6054 3 -35 -9 1
6013 3 -34 -10 1
6051 3 -34 -9 1
6013 3 -33 -10 1
6056 3 -33 -9 1
6016 3 -32 -10 1
3378 3 -32 -10 1
6015 3 -31 -10 1
6011 3 -31 -10 1
3230 3 -31 -10 1
6016 3 -30 -10 1
6054 3 -30 -9 1
6010 3 -30 -10 1
6015 3 -29 -10 1
6051 3 -29 -9 1
6002 3 -29 -9 1
6016 3 -28 -10 1
6051 3 -28 -9 1
6007 3 -28 -10 1
6014 3 -27 -10 1
6051 3 -27 -9 1
6011 3 -27 -10 1
6014 3 -26 -10 1
6060 3 -26 -9 1
6008 3 -26 -10 1
6039 3 -25 -9 1
6041 3 -24 -9 1
6054 4 -39 -9 1
6015 4 -39 -10 1
6051 4 -38 -9 1
6015 4 -38 -10 1
6051 4 -37 -9 1
6014 4 -37 -10 1
6051 4 -36 -9 1
6016 4 -36 -10 1
6060 4 -35 -9 1
6015 4 -35 -10 1
6043 4 -34 -9 1
6059 4 -33 -9 1
6015 4 -33 -10 1
6051 4 -32 -9 1
6013 4 -32 -10 1
6051 4 -31 -9 1
6016 4 -31 -10 1
6001 4 -31 -9 1
6016 4 -30 -10 1
6060 4 -30 -9 1
6008 4 -30 -9 1
6040 4 -29 -9 1
6043 4 -28 -9 1
6040 4 -27 -9 1
6042 4 -26 -9 1
6041 4 -25 -9 1
6015 -3 -23 -10 1
3205 -3 -23 -10 1
6016 -3 -22 -10 1
6015 -3 -21 -10 1
6016 -3 -20 -10 1
6013 -3 -19 -10 1
6014 -3 -18 -10 1
6047 -3 -18 -9 1
2147 -3 -18 -10 1
2141 -3 -18 0 1
2143 -3 -18 10 1
1488 -3 -18 20 1
10632 -3 -17 0 1
1488 -3 -17 23 1
10629 -3 -16 0 1
1488 -3 -16 26 1
10629 -3 -15 0 1
1487 -3 -15 26 1
10638 -3 -14 0 1
1340 -3 -14 -10 1
2147 -3 -14 -10 1
2144 -3 -14 0 1
1487 -3 -14 23 1
1342 -3 -13 -10 1
1487 -3 -13 20 1
1340 -3 -12 -10 1
1340 -3 -11 -10 1
6917 -3 -11 -10 1
1339 -3 -10 -10 1
1340 -3 -9 -10 1
1339 -3 -8 -10 1
6016 -2 -23 -10 1
6013 -2 -22 -10 1
6014 -2 -21 -10 1
6013 -2 -20 -10 1
6013 -2 -19 -10 1
6014 -2 -18 -10 1
6047 -2 -18 -9 1
2147 -2 -18 -10 1
2144 -2 -18 0 1
1488 -2 -18 20 1
10628 -2 -17 0 1
1488 -2 -17 23 1
10634 -2 -16 0 1
1488 -2 -16 26 1
10634 -2 -15 0 1
1487 -2 -15 26 1
10638 -2 -14 0 1
1339 -2 -14 -10 1
2147 -2 -14 -10 1
2144 -2 -14 0 1
1487 -2 -14 23 1
1343 -2 -13 -10 1
1487 -2 -13 20 1
1342 -2 -12 -10 1
1342 -2 -11 -10 1
1339 -2 -10 -10 1
1341 -2 -9 -10 1
1339 -2 -8 -10 1
6014 -1 -23 -10 1
6016 -1 -22 -10 1
6013 -1 -21 -10 1
6016 -1 -20 -10 1
6015 -1 -19 -10 1
6054 -1 -19 -9 1
6015 -1 -18 -10 1
6060 -1 -18 -9 1
2147 -1 -18 -10 1
2144 -1 -18 0 1
1479 -1 -18 20 1
10628 -1 -17 0 1
1488 -1 -17 23 1
10638 -1 -16 0 1
1488 -1 -16 26 1
10632 -1 -15 0 1
1487 -1 -15 26 1
1342 -1 -14 0 1
10632 -1 -14 0 1
1340 -1 -14 -10 1
2147 -1 -14 -10 1
2141 -1 -14 0 1
2143 -1 -14 10 1
1487 -1 -14 23 1
1340 -1 -13 -10 1
2145 -1 -13 0 1
1477 -1 -13 20 1
1341 -1 -12 -10 1
2145 -1 -12 0 1
1476 -1 -12 20 1
1340 -1 -11 -10 1
2142 -1 -11 0 1
2143 -1 -11 10 1
1476 -1 -11 20 1
1342 -1 -10 -10 1
2142 -1 -10 0 1
2143 -1 -10 10 1
1476 -1 -10 20 1
1343 -1 -9 -10 1
2145 -1 -9 0 1
1476 -1 -9 20 1
1342 -1 -8 -10 1
2145 -1 -8 0 1
1476 -1 -8 20 1
6015 0 -23 -10 1
6016 0 -22 -10 1
6016 0 -21 -10 1
6054 0 -21 -9 1
6016 0 -20 -10 1
6051 0 -20 -9 1
6015 0 -19 -10 1
6060 0 -19 -9 1
6039 0 -18 -9 1
2147 0 -18 -10 1
2141 0 -18 0 1
2143 0 -18 10 1
1476 0 -18 23 1
10635 0 -17 0 1
1479 0 -17 23 1
10636 0 -16 0 1
1488 0 -16 26 1
10634 0 -15 0 1
1487 0 -15 26 1
10628 0 -14 0 1
1477 0 -14 23 1
10629 0 -13 0 1
1476 0 -13 23 1
10637 0 -12 0 1
1476 0 -12 23 1
2860 0 -12 0 1
10630 0 -11 0 1
1476 0 -11 23 1
10638 0 -10 0 1
1476 0 -10 23 1
10634 0 -9 0 1
1476 0 -9 23 1
10632 0 -8 0 1
1476 0 -8 23 1
6015 1 -23 -10 1
6051 1 -23 -9 1
6015 1 -22 -10 1
6051 1 -22 -9 1
6014 1 -21 -10 1
6060 1 -21 -9 1
6041 1 -20 -9 1
6041 1 -19 -9 1
6042 1 -18 -9 1
2147 1 -18 -10 1
2144 1 -18 0 1
1476 1 -18 26 1
10634 1 -17 0 1
1476 1 -17 26 1
10633 1 -16 0 1
1479 1 -16 26 1
10634 1 -15 0 1
1477 1 -15 26 1
10630 1 -14 0 1
1476 1 -14 26 1
10638 1 -13 0 1
1476 1 -13 26 1
10630 1 -12 0 1
1476 1 -12 26 1
10636 1 -11 0 1
1476 1 -11 26 1
10635 1 -10 0 1
1476 1 -10 26 1
10629 1 -9 0 1
1476 1 -9 26 1
10629 1 -8 0 1
1476 1 -8 26 1
6042 2 -23 -9 1
6039 2 -22 -9 1
6041 2 -21 -9 1
6040 2 -20 -9 1
2147 2 -18 -10 1
2144 2 -18 0 1
1475 2 -18 26 1
10634 2 -17 0 1
1475 2 -17 26 1
10633 2 -16 0 1
1478 2 -16 26 1
10635 2 -15 0 1
1480 2 -15 26 1
10638 2 -14 0 1
1475 2 -14 26 1
10629 2 -13 0 1
1475 2 -13 26 1
10638 2 -12 0 1
1475 2 -12 26 1
10633 2 -11 0 1
1475 2 -11 26 1
10638 2 -10 0 1
1475 2 -10 26 1
10634 2 -9 0 1
1475 2 -9 26 1
10631 2 -8 0 1
1475 2 -8 26 1
6043 3 -23 -9 1
2147 3 -18 -10 1
2141 3 -18 0 1
2143 3 -18 10 1
1475 3 -18 23 1
10630 3 -17 0 1
2148 3 -17 -10 1
2145 3 -17 0 1
1478 3 -17 23 1
10629 3 -16 0 1
2148 3 -16 -10 1
2145 3 -16 0 1
1488 3 -16 26 1
10631 3 -15 0 1
2148 3 -15 -10 1
2142 3 -15 0 1
2143 3 -15 10 1
1487 3 -15 26 1
10629 3 -14 0 1
2148 3 -14 -10 1
2145 3 -14 0 1
1480 3 -14 23 1
10628 3 -13 0 1
2148 3 -13 -10 1
2145 3 -13 0 1
1475 3 -13 23 1
10634 3 -12 0 1
2148 3 -12 -10 1
2142 3 -12 0 1
2143 3 -12 10 1
1475 3 -12 23 1
10628 3 -11 0 1
2148 3 -11 -10 1
2145 3 -11 0 1
1475 3 -11 23 1
10638 3 -10 0 1
2148 3 -10 -10 1
2145 3 -10 0 1
1475 3 -10 23 1
10630 3 -9 0 1
2148 3 -9 -10 1
2142 3 -9 0 1
2143 3 -9 10 1
1475 3 -9 23 1
10631 3 -8 0 1
2148 3 -8 -10 1
2142 3 -8 0 1
2143 3 -8 10 1
1475 3 -8 23 1
1478 4 -18 20 1
1488 4 -17 23 1
1488 4 -16 26 1
1487 4 -15 26 1
1487 4 -14 23 1
1480 4 -13 20 1
1475 4 -12 20 1
1475 4 -11 20 1
1475 4 -10 20 1
1475 4 -9 20 1
1475 4 -8 20 1
1339 -3 -7 -10 1
1342 -3 -6 -10 1
1341 -3 -5 -10 1
1339 -3 -4 -10 1
1340 -3 -3 -10 1
2144 -3 -3 0 1
1488 -3 -3 20 1
10638 -3 -2 0 1
1488 -3 -2 23 1
10633 -3 -1 0 1
1488 -3 -1 26 1
10628 -3 0 0 1
1487 -3 0 26 1
10632 -3 1 0 1
2147 -3 1 -10 1
2141 -3 1 0 1
2143 -3 1 10 1
1487 -3 1 23 1
1487 -3 2 20 1
1339 -2 -7 -10 1
1341 -2 -6 -10 1
1341 -2 -5 -10 1
1339 -2 -4 -10 1
1341 -2 -3 -10 1
2144 -2 -3 0 1
1488 -2 -3 20 1
10637 -2 -2 0 1
1488 -2 -2 23 1
2861 -2 -2 0 1
10632 -2 -1 0 1
1488 -2 -1 26 1
10629 -2 0 0 1
1487 -2 0 26 1
10629 -2 1 0 1
2147 -2 1 -10 1
2144 -2 1 0 1
1487 -2 1 23 1
1487 -2 2 20 1
1341 -1 -7 -10 1
2142 -1 -7 0 1
2143 -1 -7 10 1
1476 -1 -7 20 1
1339 -1 -6 -10 1
2142 -1 -6 0 1
2143 -1 -6 10 1
1476 -1 -6 20 1
1343 -1 -5 -10 1
2145 -1 -5 0 1
1476 -1 -5 20 1
1343 -1 -4 -10 1
2145 -1 -4 0 1
1476 -1 -4 20 1
1342 -1 -3 -10 1
2140 -1 -3 0 1
2143 -1 -3 10 1
1479 -1 -3 20 1
10631 -1 -2 0 1
1488 -1 -2 23 1
10633 -1 -1 0 1
1488 -1 -1 26 1
10634 -1 0 0 1
1487 -1 0 26 1
10634 -1 1 0 1
2147 -1 1 -10 1
2144 -1 1 0 1
1487 -1 1 23 1
1477 -1 2 20 1
10632 0 -7 0 1
1476 0 -7 23 1
10635 0 -6 0 1
1476 0 -6 23 1
10631 0 -5 0 1
1476 0 -5 23 1
10637 0 -4 0 1
1476 0 -4 23 1
2860 0 -4 0 1
10630 0 -3 0 1
1476 0 -3 23 1
10635 0 -2 0 1
1479 0 -2 23 1
10635 0 -1 0 1
1488 0 -1 26 1
10631 0 0 0 1
1487 0 0 26 1
10633 0 1 0 1
2147 0 1 -10 1
2141 0 1 0 1
2143 0 1 10 1
1477 0 1 23 1
1476 0 2 23 1
10637 1 -7 0 1
1476 1 -7 26 1
10634 1 -6 0 1
1476 1 -6 26 1
10637 1 -5 0 1
1476 1 -5 26 1
10634 1 -4 0 1
1476 1 -4 26 1
10634 1 -3 0 1
1476 1 -3 26 1
10628 1 -2 0 1
1476 1 -2 26 1
10635 1 -1 0 1
1479 1 -1 26 1
10638 1 0 0 1
1477 1 0 26 1
10628 1 1 0 1
2147 1 1 -10 1
2144 1 1 0 1
1476 1 1 26 1
1476 1 2 26 1
10634 2 -7 0 1
1475 2 -7 26 1
10638 2 -6 0 1
1475 2 -6 26 1
10629 2 -5 0 1
1475 2 -5 26 1
10631 2 -4 0 1
1475 2 -4 26 1
10630 2 -3 0 1
1475 2 -3 26 1
10636 2 -2 0 1
1475 2 -2 26 1
10631 2 -1 0 1
1478 2 -1 26 1
10635 2 0 0 1
1480 2 0 26 1
10638 2 1 0 1
2147 2 1 -10 1
2144 2 1 0 1
1475 2 1 26 1
1475 2 2 26 1
10636 3 -7 0 1
2148 3 -7 -10 1
2145 3 -7 0 1
1475 3 -7 23 1
10632 3 -6 0 1
2148 3 -6 -10 1
2145 3 -6 0 1
1475 3 -6 23 1
10635 3 -5 0 1
2148 3 -5 -10 1
2142 3 -5 0 1
2143 3 -5 10 1
1475 3 -5 23 1
10630 3 -4 0 1
2148 3 -4 -10 1
2145 3 -4 0 1
1475 3 -4 23 1
10630 3 -3 0 1
2148 3 -3 -10 1
2145 3 -3 0 1
1475 3 -3 23 1
10632 3 -2 0 1
2148 3 -2 -10 1
2142 3 -2 0 1
2143 3 -2 10 1
1478 3 -2 23 1
10632 3 -1 0 1
2148 3 -1 -10 1
2145 3 -1 0 1
1488 3 -1 26 1
10630 3 0 0 1
2148 3 0 -10 1
2145 3 0 0 1
1487 3 0 26 1
10638 3 1 0 1
2146 3 1 -10 1
2140 3 1 0 1
2143 3 1 10 1
1480 3 1 23 1
1475 3 2 23 1
1475 4 -7 20 1
1475 4 -6 20 1
1475 4 -5 20 1
1475 4 -4 20 1
1478 4 -3 20 1
1488 4 -2 23 1
1488 4 -1 26 1
1487 4 0 26 1
1487 4 1 23 1
1480 4 2 20 1
