1 version Thalack
3661 num components
1872 -20 -32 -2 1
90 -20 -32 5 1
1872 -20 -31 -2 1
87 -20 -31 5 1
1872 -20 -30 -2 1
87 -20 -30 5 1
1872 -20 -29 -2 1
93 -20 -29 5 1
1872 -20 -28 -2 1
87 -20 -28 5 1
1872 -19 -32 -2 1
88 -19 -32 5 1
1279 -19 -31 5 1
1278 -19 -30 5 1
1276 -19 -29 5 1
1277 -19 -28 5 1
1872 -18 -32 -2 1
94 -18 -32 5 1
1279 -18 -31 5 1
1279 -18 -30 5 1
1277 -18 -29 5 1
1278 -18 -28 5 1
3246 -17 -32 -2 1
1872 -17 -32 -2 1
88 -17 -32 5 1
1276 -17 -31 5 1
1276 -17 -30 5 1
1278 -17 -29 5 1
1278 -17 -28 5 1
1872 -16 -32 -2 1
88 -16 -32 5 1
1276 -16 -31 5 1
1276 -16 -30 5 1
1278 -16 -29 5 1
1278 -16 -28 5 1
1872 -15 -32 -2 1
88 -15 -32 5 1
1277 -15 -31 5 1
1279 -15 -30 5 1
1279 -15 -29 5 1
1276 -15 -28 5 1
1872 -14 -32 -2 1
94 -14 -32 5 1
1276 -14 -31 5 1
1279 -14 -30 5 1
1277 -14 -29 5 1
1279 -14 -28 5 1
1872 -13 -32 -2 1
88 -13 -32 5 1
1278 -13 -31 5 1
87 -13 -31 5 1
1279 -13 -30 5 1
87 -13 -30 5 1
3349 -13 -29 -2 1
1278 -13 -29 5 1
87 -13 -29 5 1
1278 -13 -28 5 1
87 -13 -28 5 1
1872 -12 -32 -2 1
88 -12 -32 5 1
1279 -12 -31 5 1
1279 -12 -30 5 1
1276 -12 -29 5 1
1278 -12 -28 5 1
90 -20 -32 25 1
87 -20 -31 25 1
87 -20 -30 25 1
93 -20 -29 25 1
87 -20 -28 25 1
88 -19 -32 25 1
1277 -19 -31 25 1
1279 -19 -30 25 1
1279 -19 -29 25 1
1279 -19 -28 25 1
88 -18 -32 25 1
1279 -18 -31 25 1
1279 -18 -30 25 1
1279 -18 -29 25 1
1276 -18 -28 25 1
94 -17 -32 25 1
1277 -17 -31 25 1
1278 -17 -30 25 1
1277 -17 -29 25 1
1277 -17 -28 25 1
88 -16 -32 25 1
1276 -16 -31 25 1
1276 -16 -30 25 1
1276 -16 -29 25 1
1276 -16 -28 25 1
88 -15 -32 25 1
1277 -15 -31 25 1
1276 -15 -30 25 1
1276 -15 -29 25 1
1279 -15 -28 25 1
88 -14 -32 25 1
1276 -14 -31 25 1
1278 -14 -30 25 1
1276 -14 -29 25 1
1278 -14 -28 25 1
88 -13 -32 25 1
1276 -13 -31 25 1
1276 -13 -30 25 1
1277 -13 -29 25 1
1276 -13 -28 25 1
88 -12 -32 25 1
1277 -12 -31 25 1
1279 -12 -30 25 1
1279 -12 -29 25 1
1276 -12 -28 25 1
90 -20 -32 45 1
87 -20 -31 45 1
87 -20 -30 45 1
93 -20 -29 45 1
87 -20 -28 45 1
88 -19 -32 45 1
1277 -19 -31 45 1
1278 -19 -30 45 1
1279 -19 -29 45 1
1279 -19 -28 45 1
88 -18 -32 45 1
1278 -18 -31 45 1
1276 -18 -30 45 1
1276 -18 -29 45 1
1278 -18 -28 45 1
94 -17 -32 45 1
1276 -17 -31 45 1
1276 -17 -30 45 1
1279 -17 -29 45 1
1277 -17 -28 45 1
88 -16 -32 45 1
1276 -16 -31 45 1
1278 -16 -30 45 1
1276 -16 -29 45 1
1279 -16 -28 45 1
88 -15 -32 45 1
1278 -15 -31 45 1
1278 -15 -30 45 1
1279 -15 -29 45 1
1277 -15 -28 45 1
88 -14 -32 45 1
1279 -14 -31 45 1
87 -14 -31 45 1
1276 -14 -30 45 1
87 -14 -30 45 1
1278 -14 -29 45 1
87 -14 -29 45 1
1276 -14 -28 45 1
87 -14 -28 45 1
88 -13 -32 45 1
1277 -13 -31 45 1
1276 -13 -30 45 1
1278 -13 -29 45 1
1278 -13 -28 45 1
94 -12 -32 45 1
1279 -12 -31 45 1
1278 -12 -30 45 1
1279 -12 -29 45 1
1278 -12 -28 45 1
1279 -19 -31 65 1
1279 -19 -30 65 1
1278 -19 -29 65 1
1277 -19 -28 65 1
1278 -18 -31 65 1
1279 -18 -30 65 1
1276 -18 -29 65 1
1279 -18 -28 65 1
1278 -17 -31 65 1
1278 -17 -30 65 1
1277 -17 -29 65 1
1276 -17 -28 65 1
1277 -16 -31 65 1
1278 -16 -30 65 1
1279 -16 -29 65 1
1277 -16 -28 65 1
1276 -15 -31 65 1
1276 -15 -30 65 1
1277 -15 -29 65 1
1277 -15 -28 65 1
1277 -14 -31 65 1
1279 -14 -30 65 1
1278 -14 -29 65 1
1277 -14 -28 65 1
1278 -13 -31 65 1
1276 -13 -30 65 1
1277 -13 -29 65 1
1276 -13 -28 65 1
1277 -12 -31 65 1
1279 -12 -30 65 1
1276 -12 -29 65 1
1276 -12 -28 65 1
105 -19 -32 65 1
105 -18 -32 65 1
105 -17 -32 65 1
105 -16 -32 65 1
105 -15 -32 65 1
105 -14 -32 65 1
105 -13 -32 65 1
105 -12 -32 65 1
106 -20 -31 65 1
106 -20 -30 65 1
106 -20 -29 65 1
106 -20 -28 65 1
1872 -20 -27 -2 1
87 -20 -27 5 1
1872 -20 -26 -2 1
87 -20 -26 5 1
1872 -20 -25 -2 1
91 -20 -25 5 1
1872 -20 -24 -2 1
87 -20 -24 5 1
1872 -20 -23 -2 1
87 -20 -23 5 1
1872 -20 -22 -2 1
87 -20 -22 5 1
1872 -20 -21 -2 1
87 -20 -21 5 1
1872 -20 -20 -2 1
87 -20 -20 5 1
1872 -20 -19 -2 1
93 -20 -19 5 1
1872 -20 -18 -2 1
87 -20 -18 5 1
1872 -20 -17 -2 1
93 -20 -17 5 1
1872 -20 -16 -2 1
87 -20 -16 5 1
1872 -20 -15 -2 1
87 -20 -15 5 1
1872 -20 -14 -2 1
87 -20 -14 5 1
1872 -20 -13 -2 1
93 -20 -13 5 1
1872 -20 -12 -2 1
87 -20 -12 5 1
1277 -19 -27 5 1
1278 -19 -26 5 1
88 -19 -26 5 1
1277 -19 -25 5 1
1872 -19 -25 5 1
1872 -19 -25 10 1
1276 -19 -24 5 1
1872 -19 -24 5 1
1872 -19 -24 10 1
1875 -19 -24 15 1
1277 -19 -23 5 1
1872 -19 -23 5 1
1872 -19 -23 10 1
1872 -19 -23 15 1
1277 -19 -22 5 1
1872 -19 -22 5 1
1872 -19 -22 10 1
1872 -19 -22 15 1
1278 -19 -21 5 1
88 -19 -21 5 1
1277 -19 -20 5 1
1278 -19 -19 5 1
1278 -19 -18 5 1
1278 -19 -17 5 1
1278 -19 -16 5 1
1278 -19 -15 5 1
88 -19 -15 5 1
1276 -19 -14 5 1
3147 -19 -13 -2 1
1278 -19 -13 5 1
1276 -19 -12 5 1
1279 -18 -27 5 1
1276 -18 -26 5 1
88 -18 -26 5 1
1278 -18 -25 5 1
1872 -18 -25 5 1
1874 -18 -25 10 1
1279 -18 -24 5 1
1277 -18 -23 5 1
1276 -18 -22 5 1
1278 -18 -21 5 1
88 -18 -21 5 1
1279 -18 -20 5 1
1276 -18 -19 5 1
1278 -18 -18 5 1
1279 -18 -17 5 1
1278 -18 -16 5 1
1277 -18 -15 5 1
88 -18 -15 5 1
1279 -18 -14 5 1
1277 -18 -13 5 1
1276 -18 -12 5 1
1277 -17 -27 5 1
1277 -17 -26 5 1
88 -17 -26 5 1
1276 -17 -25 5 1
1874 -17 -25 5 1
1279 -17 -24 5 1
1277 -17 -23 5 1
1276 -17 -22 5 1
1277 -17 -21 5 1
88 -17 -21 5 1
1276 -17 -20 5 1
1276 -17 -19 5 1
1277 -17 -18 5 1
1278 -17 -17 5 1
1277 -17 -16 5 1
1276 -17 -15 5 1
88 -17 -15 5 1
3248 -17 -14 -2 1
1276 -17 -14 5 1
1278 -17 -13 5 1
1276 -17 -12 5 1
1278 -16 -27 5 1
1277 -16 -26 5 1
88 -16 -26 5 1
1279 -16 -25 5 1
1277 -16 -24 5 1
1277 -16 -23 5 1
1277 -16 -22 5 1
1276 -16 -21 5 1
88 -16 -21 5 1
3244 -16 -20 -2 1
1279 -16 -20 5 1
1276 -16 -19 5 1
3349 -16 -18 -2 1
1277 -16 -18 5 1
1278 -16 -17 5 1
1278 -16 -16 5 1
1279 -16 -15 5 1
88 -16 -15 5 1
1276 -16 -14 5 1
1276 -16 -13 5 1
1277 -16 -12 5 1
1279 -15 -27 5 1
1278 -15 -26 5 1
88 -15 -26 5 1
1279 -15 -25 5 1
1279 -15 -24 5 1
1279 -15 -23 5 1
1277 -15 -22 5 1
1279 -15 -21 5 1
88 -15 -21 5 1
1277 -15 -20 5 1
1279 -15 -19 5 1
1276 -15 -18 5 1
1278 -15 -17 5 1
1279 -15 -16 5 1
1278 -15 -15 5 1
88 -15 -15 5 1
1279 -15 -14 5 1
1278 -15 -13 5 1
1276 -15 -12 5 1
1279 -14 -27 5 1
1277 -14 -26 5 1
1276 -14 -25 5 1
1278 -14 -24 5 1
1276 -14 -23 5 1
1279 -14 -22 5 1
1276 -14 -21 5 1
88 -14 -21 5 1
3244 -14 -20 -2 1
1276 -14 -20 5 1
3352 -14 -19 -2 1
1276 -14 -19 5 1
1277 -14 -18 5 1
1278 -14 -17 5 1
1276 -14 -16 5 1
1276 -14 -15 5 1
88 -14 -15 5 1
1279 -14 -14 5 1
1276 -14 -13 5 1
3254 -14 -12 -2 1
1279 -14 -12 5 1
1278 -13 -27 5 1
87 -13 -27 5 1
1277 -13 -26 5 1
89 -13 -26 5 1
1277 -13 -25 5 1
1279 -13 -24 5 1
1278 -13 -23 5 1
3347 -13 -22 -2 1
1277 -13 -22 5 1
1276 -13 -21 5 1
88 -13 -21 5 1
1278 -13 -20 5 1
87 -13 -20 5 1
1276 -13 -19 5 1
87 -13 -19 5 1
3145 -13 -18 -2 1
1276 -13 -18 5 1
87 -13 -18 5 1
1277 -13 -17 5 1
87 -13 -17 5 1
1279 -13 -16 5 1
1279 -13 -15 5 1
89 -13 -15 5 1
1276 -13 -14 5 1
87 -13 -14 5 1
1276 -13 -13 5 1
87 -13 -13 5 1
1276 -13 -12 5 1
87 -13 -12 5 1
1277 -12 -27 5 1
1277 -12 -26 5 1
88 -12 -26 5 1
1278 -12 -25 5 1
3143 -12 -24 -2 1
1276 -12 -24 5 1
1278 -12 -23 5 1
1279 -12 -22 5 1
1279 -12 -21 5 1
1278 -12 -20 5 1
1277 -12 -19 5 1
3352 -12 -18 -2 1
1277 -12 -18 5 1
1279 -12 -17 5 1
1276 -12 -16 5 1
1279 -12 -15 5 1
1278 -12 -14 5 1
1279 -12 -13 5 1
1278 -12 -12 5 1
87 -20 -27 25 1
87 -20 -26 25 1
87 -20 -25 25 1
91 -20 -24 25 1
87 -20 -23 25 1
87 -20 -22 25 1
87 -20 -21 25 1
93 -20 -20 25 1
87 -20 -19 25 1
87 -20 -18 25 1
87 -20 -17 25 1
87 -20 -16 25 1
87 -20 -15 25 1
87 -20 -14 25 1
87 -20 -13 25 1
87 -20 -12 25 1
1278 -19 -27 25 1
1278 -19 -26 25 1
88 -19 -26 25 1
1875 -19 -23 20 1
1872 -19 -22 20 1
1277 -19 -21 25 1
1276 -19 -20 25 1
1279 -19 -19 25 1
1875 -19 -19 25 1
1276 -19 -18 25 1
1872 -19 -18 25 1
1875 -19 -18 30 1
1277 -19 -17 25 1
1872 -19 -17 25 1
1872 -19 -17 30 1
1875 -19 -17 35 1
1279 -19 -16 25 1
1872 -19 -16 25 1
1872 -19 -16 30 1
1872 -19 -16 35 1
1278 -19 -15 25 1
1872 -19 -15 25 1
1872 -19 -15 30 1
1872 -19 -15 35 1
1276 -19 -14 25 1
88 -19 -14 25 1
1279 -19 -13 25 1
1277 -19 -12 25 1
1279 -18 -27 25 1
1278 -18 -26 25 1
88 -18 -26 25 1
1276 -18 -24 25 1
1279 -18 -23 25 1
1276 -18 -22 25 1
1279 -18 -21 25 1
1276 -18 -20 25 1
1277 -18 -19 25 1
1279 -18 -18 25 1
1276 -18 -17 25 1
1278 -18 -16 25 1
1276 -18 -15 25 1
1277 -18 -14 25 1
88 -18 -14 25 1
1279 -18 -13 25 1
1277 -18 -12 25 1
1278 -17 -27 25 1
1277 -17 -26 25 1
88 -17 -26 25 1
1277 -17 -24 25 1
1276 -17 -23 25 1
1277 -17 -22 25 1
1279 -17 -21 25 1
1276 -17 -20 25 1
1276 -17 -19 25 1
1279 -17 -18 25 1
1276 -17 -17 25 1
1279 -17 -16 25 1
1279 -17 -15 25 1
1279 -17 -14 25 1
88 -17 -14 25 1
1278 -17 -13 25 1
1279 -17 -12 25 1
1277 -16 -27 25 1
1278 -16 -26 25 1
88 -16 -26 25 1
1277 -16 -25 25 1
1278 -16 -24 25 1
1276 -16 -23 25 1
1278 -16 -22 25 1
1279 -16 -21 25 1
1276 -16 -20 25 1
1276 -16 -19 25 1
1276 -16 -18 25 1
1279 -16 -17 25 1
1277 -16 -16 25 1
1279 -16 -15 25 1
1277 -16 -14 25 1
88 -16 -14 25 1
1277 -16 -13 25 1
1277 -16 -12 25 1
1279 -15 -27 25 1
1278 -15 -26 25 1
88 -15 -26 25 1
1276 -15 -25 25 1
1276 -15 -24 25 1
1278 -15 -23 25 1
1279 -15 -22 25 1
1277 -15 -21 25 1
1278 -15 -20 25 1
1276 -15 -19 25 1
1278 -15 -18 25 1
1276 -15 -17 25 1
1276 -15 -16 25 1
1276 -15 -15 25 1
1279 -15 -14 25 1
1278 -15 -13 25 1
1277 -15 -12 25 1
1279 -14 -27 25 1
1279 -14 -26 25 1
88 -14 -26 25 1
1276 -14 -25 25 1
1279 -14 -24 25 1
1278 -14 -23 25 1
1279 -14 -22 25 1
1276 -14 -21 25 1
1279 -14 -20 25 1
1277 -14 -19 25 1
1279 -14 -18 25 1
1276 -14 -17 25 1
1277 -14 -16 25 1
1277 -14 -15 25 1
1278 -14 -14 25 1
88 -14 -14 25 1
1277 -14 -13 25 1
1279 -14 -12 25 1
1279 -13 -27 25 1
1276 -13 -26 25 1
88 -13 -26 25 1
1276 -13 -25 25 1
1277 -13 -24 25 1
1276 -13 -23 25 1
1279 -13 -22 25 1
1276 -13 -21 25 1
1276 -13 -20 25 1
1278 -13 -19 25 1
1277 -13 -18 25 1
1276 -13 -17 25 1
1279 -13 -16 25 1
1277 -13 -15 25 1
1276 -13 -14 25 1
88 -13 -14 25 1
1276 -13 -13 25 1
87 -13 -13 25 1
1277 -13 -12 25 1
87 -13 -12 25 1
1278 -12 -27 25 1
1276 -12 -26 25 1
88 -12 -26 25 1
1278 -12 -25 25 1
1276 -12 -24 25 1
1277 -12 -23 25 1
1277 -12 -22 25 1
1277 -12 -21 25 1
1277 -12 -20 25 1
1279 -12 -19 25 1
1279 -12 -18 25 1
1278 -12 -17 25 1
1277 -12 -16 25 1
1277 -12 -15 25 1
1277 -12 -14 25 1
88 -12 -14 25 1
1276 -12 -13 25 1
1278 -12 -12 25 1
87 -20 -27 45 1
87 -20 -26 45 1
87 -20 -25 45 1
87 -20 -24 45 1
93 -20 -23 45 1
87 -20 -22 45 1
87 -20 -21 45 1
87 -20 -20 45 1
87 -20 -19 45 1
93 -20 -18 45 1
87 -20 -17 45 1
87 -20 -16 45 1
87 -20 -15 45 1
87 -20 -14 45 1
93 -20 -13 45 1
87 -20 -12 45 1
1278 -19 -27 45 1
1276 -19 -26 45 1
1277 -19 -25 45 1
1276 -19 -24 45 1
1277 -19 -23 45 1
1279 -19 -22 45 1
1279 -19 -21 45 1
1278 -19 -20 45 1
1875 -19 -16 40 1
1872 -19 -15 40 1
1276 -19 -14 45 1
1279 -19 -13 45 1
1277 -19 -12 45 1
88 -19 -12 45 1
1276 -18 -27 45 1
1277 -18 -26 45 1
1278 -18 -25 45 1
1277 -18 -24 45 1
1278 -18 -23 45 1
1276 -18 -22 45 1
1279 -18 -21 45 1
1279 -18 -20 45 1
1279 -18 -19 45 1
1278 -18 -18 45 1
1277 -18 -17 45 1
1277 -18 -16 45 1
1278 -18 -15 45 1
1279 -18 -14 45 1
1276 -18 -13 45 1
1278 -18 -12 45 1
94 -18 -12 45 1
1276 -17 -27 45 1
1277 -17 -26 45 1
1279 -17 -25 45 1
1279 -17 -24 45 1
1277 -17 -23 45 1
1277 -17 -22 45 1
1279 -17 -21 45 1
1278 -17 -20 45 1
1279 -17 -19 45 1
1278 -17 -18 45 1
1277 -17 -17 45 1
1278 -17 -16 45 1
1277 -17 -15 45 1
1279 -17 -14 45 1
1277 -17 -13 45 1
1278 -17 -12 45 1
1278 -16 -27 45 1
1276 -16 -26 45 1
1279 -16 -25 45 1
1276 -16 -24 45 1
1277 -16 -23 45 1
1279 -16 -22 45 1
1276 -16 -21 45 1
1279 -16 -20 45 1
1276 -16 -19 45 1
1277 -16 -18 45 1
1279 -16 -17 45 1
1276 -16 -16 45 1
1276 -16 -15 45 1
1277 -16 -14 45 1
1277 -16 -13 45 1
1277 -16 -12 45 1
88 -16 -12 45 1
1278 -15 -27 45 1
1278 -15 -26 45 1
1276 -15 -25 45 1
1276 -15 -24 45 1
1277 -15 -23 45 1
1279 -15 -22 45 1
1279 -15 -21 45 1
1278 -15 -20 45 1
1276 -15 -19 45 1
1279 -15 -18 45 1
1276 -15 -17 45 1
1279 -15 -16 45 1
1277 -15 -15 45 1
1277 -15 -14 45 1
1278 -15 -13 45 1
1276 -15 -12 45 1
94 -15 -12 45 1
1276 -14 -27 45 1
1278 -14 -26 45 1
87 -14 -26 45 1
1277 -14 -25 45 1
87 -14 -25 45 1
1277 -14 -24 45 1
87 -14 -24 45 1
1278 -14 -23 45 1
87 -14 -23 45 1
1276 -14 -22 45 1
87 -14 -22 45 1
1277 -14 -21 45 1
87 -14 -21 45 1
1276 -14 -20 45 1
87 -14 -20 45 1
1278 -14 -19 45 1
1279 -14 -18 45 1
87 -14 -18 45 1
1276 -14 -17 45 1
87 -14 -17 45 1
1276 -14 -16 45 1
87 -14 -16 45 1
1278 -14 -15 45 1
87 -14 -15 45 1
1278 -14 -14 45 1
87 -14 -14 45 1
1278 -14 -13 45 1
87 -14 -13 45 1
1279 -14 -12 45 1
89 -14 -12 45 1
1278 -13 -27 45 1
1276 -13 -26 45 1
88 -13 -26 45 1
1277 -13 -25 45 1
1277 -13 -24 45 1
1279 -13 -23 45 1
1278 -13 -22 45 1
1278 -13 -21 45 1
1277 -13 -20 45 1
1276 -13 -19 45 1
1277 -13 -18 45 1
1277 -13 -17 45 1
1278 -13 -16 45 1
1276 -13 -15 45 1
1277 -13 -14 45 1
1278 -13 -13 45 1
1278 -13 -12 45 1
88 -13 -12 45 1
1279 -12 -27 45 1
1279 -12 -26 45 1
88 -12 -26 45 1
1278 -12 -25 45 1
1278 -12 -24 45 1
1278 -12 -23 45 1
1278 -12 -22 45 1
1277 -12 -21 45 1
1278 -12 -20 45 1
1278 -12 -19 45 1
1276 -12 -18 45 1
1279 -12 -17 45 1
1276 -12 -16 45 1
1278 -12 -15 45 1
1279 -12 -14 45 1
1276 -12 -13 45 1
1278 -12 -12 45 1
94 -12 -12 45 1
1277 -19 -27 65 1
1276 -19 -26 65 1
1278 -19 -25 65 1
1279 -19 -24 65 1
1278 -19 -23 65 1
1277 -19 -22 65 1
1276 -19 -21 65 1
1277 -19 -20 65 1
1277 -19 -19 65 1
1279 -19 -18 65 1
1278 -19 -17 65 1
1278 -19 -16 65 1
1279 -19 -15 65 1
1278 -19 -14 65 1
1279 -19 -13 65 1
1278 -19 -12 65 1
1277 -18 -27 65 1
1278 -18 -26 65 1
1278 -18 -25 65 1
1279 -18 -24 65 1
1279 -18 -23 65 1
1277 -18 -22 65 1
1279 -18 -21 65 1
1277 -18 -20 65 1
1279 -18 -19 65 1
1278 -18 -18 65 1
1279 -18 -17 65 1
1278 -18 -16 65 1
1276 -18 -15 65 1
1278 -18 -14 65 1
1276 -18 -13 65 1
1278 -18 -12 65 1
1276 -17 -27 65 1
1279 -17 -26 65 1
1278 -17 -25 65 1
1278 -17 -24 65 1
1278 -17 -23 65 1
1277 -17 -22 65 1
1276 -17 -21 65 1
1279 -17 -20 65 1
1279 -17 -19 65 1
1277 -17 -18 65 1
1277 -17 -17 65 1
1276 -17 -16 65 1
1279 -17 -15 65 1
1278 -17 -14 65 1
1276 -17 -13 65 1
1279 -17 -12 65 1
1278 -16 -27 65 1
1279 -16 -26 65 1
1277 -16 -25 65 1
1278 -16 -24 65 1
1279 -16 -23 65 1
1276 -16 -22 65 1
1278 -16 -21 65 1
1277 -16 -20 65 1
1277 -16 -19 65 1
1276 -16 -18 65 1
1279 -16 -17 65 1
1279 -16 -16 65 1
1277 -16 -15 65 1
1276 -16 -14 65 1
1279 -16 -13 65 1
1277 -16 -12 65 1
1276 -15 -27 65 1
1276 -15 -26 65 1
1277 -15 -25 65 1
1277 -15 -24 65 1
1277 -15 -23 65 1
1279 -15 -22 65 1
1278 -15 -21 65 1
1277 -15 -20 65 1
1278 -15 -19 65 1
1277 -15 -18 65 1
1276 -15 -17 65 1
1279 -15 -16 65 1
1279 -15 -15 65 1
1279 -15 -14 65 1
1278 -15 -13 65 1
1276 -15 -12 65 1
1279 -14 -27 65 1
1279 -14 -26 65 1
1277 -14 -25 65 1
1279 -14 -24 65 1
1278 -14 -23 65 1
1277 -14 -22 65 1
1278 -14 -21 65 1
1279 -14 -20 65 1
1279 -14 -19 65 1
1278 -14 -18 65 1
1278 -14 -17 65 1
1277 -14 -16 65 1
1277 -14 -15 65 1
1278 -14 -14 65 1
1276 -14 -13 65 1
1277 -14 -12 65 1
1277 -13 -27 65 1
1276 -13 -26 65 1
1278 -13 -25 65 1
1279 -13 -24 65 1
1279 -13 -23 65 1
1276 -13 -22 65 1
1276 -13 -21 65 1
1277 -13 -20 65 1
1278 -13 -19 65 1
1278 -13 -18 65 1
1276 -13 -17 65 1
1276 -13 -16 65 1
1277 -13 -15 65 1
1279 -13 -14 65 1
1278 -13 -13 65 1
1277 -13 -12 65 1
1277 -12 -27 65 1
1278 -12 -26 65 1
1279 -12 -24 65 1
1277 -12 -23 65 1
1278 -12 -22 65 1
1276 -12 -21 65 1
1279 -12 -20 65 1
1276 -12 -19 65 1
1277 -12 -18 65 1
1279 -12 -17 65 1
1276 -12 -16 65 1
1277 -12 -15 65 1
1276 -12 -14 65 1
1279 -12 -13 65 1
1276 -12 -12 65 1
1276 -12 -25 65 1
105 -18 -12 65 1
105 -17 -12 65 1
105 -16 -12 65 1
105 -15 -12 65 1
105 -14 -12 65 1
105 -13 -12 65 1
105 -12 -12 65 1
106 -20 -15 65 1
106 -20 -14 65 1
106 -20 -13 65 1
106 -20 -12 65 1
106 -20 -27 65 1
106 -20 -26 65 1
106 -20 -25 65 1
106 -20 -24 65 1
106 -20 -23 65 1
106 -20 -22 65 1
106 -20 -21 65 1
106 -20 -20 65 1
106 -20 -19 65 1
106 -20 -18 65 1
106 -20 -17 65 1
106 -20 -16 65 1
1872 -20 -11 -2 1
87 -20 -11 5 1
1872 -20 -10 -2 1
93 -20 -10 5 1
1872 -20 -9 -2 1
87 -20 -9 5 1
1872 -20 -8 -2 1
87 -20 -8 5 1
1872 -20 -7 -2 1
87 -20 -7 5 1
1872 -20 -6 -2 1
93 -20 -6 5 1
1872 -20 -5 -2 1
87 -20 -5 5 1
1872 -20 -4 -2 1
87 -20 -4 5 1
1872 -20 -3 -2 1
93 -20 -3 5 1
1872 -20 -2 -2 1
87 -20 -2 5 1
1872 -20 -1 -2 1
87 -20 -1 5 1
1279 -19 -11 5 1
1277 -19 -10 5 1
1277 -19 -9 5 1
1278 -19 -8 5 1
88 -19 -8 5 1
1276 -19 -7 5 1
1277 -19 -6 5 1
1278 -19 -5 5 1
3145 -19 -4 -2 1
1276 -19 -4 5 1
1279 -19 -3 5 1
1276 -19 -2 5 1
1872 -19 -1 -2 1
1278 -19 -1 5 1
88 -19 -1 5 1
1278 -18 -11 5 1
1278 -18 -10 5 1
1278 -18 -9 5 1
1277 -18 -8 5 1
88 -18 -8 5 1
1278 -18 -7 5 1
1277 -18 -6 5 1
1278 -18 -5 5 1
1277 -18 -4 5 1
1279 -18 -3 5 1
1276 -18 -2 5 1
1872 -18 -1 -2 1
1277 -18 -1 5 1
94 -18 -1 5 1
1276 -17 -11 5 1
1278 -17 -10 5 1
1276 -17 -9 5 1
1276 -17 -8 5 1
88 -17 -8 5 1
1277 -17 -7 5 1
1276 -17 -6 5 1
1276 -17 -5 5 1
1276 -17 -4 5 1
1278 -17 -3 5 1
1278 -17 -2 5 1
1872 -17 -1 -2 1
1277 -17 -1 5 1
88 -17 -1 5 1
1276 -16 -11 5 1
1276 -16 -10 5 1
1279 -16 -9 5 1
1277 -16 -8 5 1
88 -16 -8 5 1
1277 -16 -7 5 1
1276 -16 -6 5 1
1278 -16 -5 5 1
1277 -16 -4 5 1
1277 -16 -3 5 1
1277 -16 -2 5 1
1872 -16 -1 -2 1
1279 -16 -1 5 1
88 -16 -1 5 1
1276 -15 -11 5 1
1277 -15 -10 5 1
1276 -15 -9 5 1
1276 -15 -8 5 1
88 -15 -8 5 1
1279 -15 -7 5 1
1276 -15 -6 5 1
1277 -15 -5 5 1
1276 -15 -4 5 1
1277 -15 -3 5 1
1279 -15 -2 5 1
1872 -15 -1 -2 1
1278 -15 -1 5 1
94 -15 -1 5 1
1278 -14 -11 5 1
1278 -14 -10 5 1
1276 -14 -9 5 1
1279 -14 -8 5 1
88 -14 -8 5 1
1279 -14 -7 5 1
1279 -14 -6 5 1
1278 -14 -5 5 1
1277 -14 -4 5 1
1278 -14 -3 5 1
1276 -14 -2 5 1
1872 -14 -1 -2 1
1279 -14 -1 5 1
88 -14 -1 5 1
1277 -13 -11 5 1
87 -13 -11 5 1
1276 -13 -10 5 1
87 -13 -10 5 1
1276 -13 -9 5 1
1276 -13 -8 5 1
89 -13 -8 5 1
1278 -13 -7 5 1
87 -13 -7 5 1
1278 -13 -6 5 1
87 -13 -6 5 1
1278 -13 -5 5 1
87 -13 -5 5 1
1279 -13 -4 5 1
87 -13 -4 5 1
1279 -13 -3 5 1
87 -13 -3 5 1
1279 -13 -2 5 1
1872 -13 -1 -2 1
1279 -13 -1 5 1
89 -13 -1 5 1
1276 -12 -11 5 1
1278 -12 -10 5 1
1279 -12 -9 5 1
1278 -12 -8 5 1
1277 -12 -7 5 1
1279 -12 -6 5 1
1278 -12 -5 5 1
1279 -12 -4 5 1
1279 -12 -3 5 1
1279 -12 -2 5 1
1872 -12 -1 -2 1
1277 -12 -1 5 1
88 -12 -1 5 1
87 -20 -11 25 1
93 -20 -10 25 1
87 -20 -9 25 1
87 -20 -8 25 1
87 -20 -7 25 1
96 -20 -6 25 1
106 -20 -5 32 1
106 -20 -4 32 1
106 -20 -3 32 1
106 -20 -2 32 1
96 -20 -1 25 1
1279 -19 -11 25 1
1276 -19 -10 25 1
1279 -19 -9 25 1
1278 -19 -8 25 1
1276 -19 -7 25 1
88 -19 -7 25 1
1276 -19 -6 25 1
1277 -19 -5 25 1
1277 -19 -4 25 1
1278 -19 -3 25 1
1279 -19 -2 25 1
1277 -19 -1 25 1
105 -19 -1 32 1
1278 -18 -11 25 1
1277 -18 -10 25 1
1276 -18 -9 25 1
1279 -18 -8 25 1
1277 -18 -7 25 1
94 -18 -7 25 1
1277 -18 -6 25 1
1276 -18 -5 25 1
1277 -18 -4 25 1
1279 -18 -3 25 1
1276 -18 -2 25 1
1276 -18 -1 25 1
105 -18 -1 32 1
1278 -17 -11 25 1
1276 -17 -10 25 1
1278 -17 -9 25 1
1276 -17 -8 25 1
1276 -17 -7 25 1
88 -17 -7 25 1
1279 -17 -6 25 1
1278 -17 -5 25 1
1278 -17 -4 25 1
1276 -17 -3 25 1
1276 -17 -2 25 1
1277 -17 -1 25 1
105 -17 -1 32 1
1276 -16 -11 25 1
1278 -16 -10 25 1
1278 -16 -9 25 1
1276 -16 -8 25 1
1279 -16 -7 25 1
1277 -16 -6 25 1
1276 -16 -5 25 1
1279 -16 -4 25 1
1277 -16 -3 25 1
1277 -16 -2 25 1
1277 -16 -1 25 1
105 -16 -1 32 1
1278 -15 -11 25 1
1279 -15 -10 25 1
1277 -15 -9 25 1
1276 -15 -8 25 1
1277 -15 -7 25 1
94 -15 -7 25 1
1277 -15 -6 25 1
1279 -15 -5 25 1
1276 -15 -4 25 1
1279 -15 -3 25 1
1278 -15 -2 25 1
1278 -15 -1 25 1
95 -15 -1 25 1
1279 -14 -11 25 1
1278 -14 -10 25 1
1276 -14 -9 25 1
1279 -14 -8 25 1
1277 -14 -7 25 1
88 -14 -7 25 1
1279 -14 -6 25 1
96 -14 -6 25 1
1276 -14 -5 25 1
96 -14 -5 25 1
1278 -14 -4 25 1
96 -14 -4 25 1
1278 -14 -3 25 1
96 -14 -3 25 1
1278 -14 -2 25 1
96 -14 -2 25 1
1279 -14 -1 25 1
107 -14 -1 32 1
1278 -13 -11 25 1
87 -13 -11 25 1
1278 -13 -10 25 1
87 -13 -10 25 1
1278 -13 -9 25 1
87 -13 -9 25 1
1278 -13 -8 25 1
87 -13 -8 25 1
1277 -13 -7 25 1
89 -13 -7 25 1
1278 -13 -6 25 1
1277 -13 -5 25 1
1276 -13 -4 25 1
1279 -13 -3 25 1
1279 -13 -2 25 1
1278 -13 -1 25 1
105 -13 -1 32 1
1277 -12 -11 25 1
1278 -12 -10 25 1
1277 -12 -9 25 1
1277 -12 -8 25 1
1278 -12 -7 25 1
94 -12 -7 25 1
1277 -12 -6 25 1
1278 -12 -5 25 1
1278 -12 -4 25 1
1277 -12 -3 25 1
1279 -12 -2 25 1
1276 -12 -1 25 1
105 -12 -1 32 1
96 -20 -11 45 1
106 -20 -10 52 1
106 -20 -9 52 1
106 -20 -8 52 1
96 -20 -7 45 1
1278 -19 -11 45 1
1279 -19 -10 45 1
1276 -19 -9 45 1
1277 -19 -8 45 1
1276 -19 -7 45 1
95 -19 -7 45 1
1279 -18 -11 45 1
1278 -18 -10 45 1
1276 -18 -9 45 1
1279 -18 -8 45 1
1277 -18 -7 45 1
105 -18 -7 52 1
1279 -17 -11 45 1
1278 -17 -10 45 1
1276 -17 -9 45 1
1278 -17 -8 45 1
1279 -17 -7 45 1
105 -17 -7 52 1
1279 -16 -11 45 1
1278 -16 -10 45 1
1277 -16 -9 45 1
1279 -16 -8 45 1
1276 -16 -7 45 1
105 -16 -7 52 1
1278 -15 -11 45 1
1277 -15 -10 45 1
1277 -15 -9 45 1
1278 -15 -8 45 1
1277 -15 -7 45 1
95 -15 -7 45 1
1277 -14 -11 45 1
1279 -14 -10 45 1
1277 -14 -9 45 1
1276 -14 -8 45 1
1277 -14 -7 45 1
105 -14 -7 52 1
1279 -13 -11 45 1
1278 -13 -10 45 1
1278 -13 -9 45 1
1277 -13 -8 45 1
1279 -13 -7 45 1
105 -13 -7 52 1
1279 -12 -11 45 1
1278 -12 -10 45 1
1277 -12 -9 45 1
1277 -12 -8 45 1
1277 -12 -7 45 1
105 -12 -7 52 1
1872 -11 -32 -2 1
94 -11 -32 5 1
1279 -11 -31 5 1
1279 -11 -30 5 1
1277 -11 -29 5 1
1276 -11 -28 5 1
1872 -10 -32 -2 1
88 -10 -32 5 1
1277 -10 -31 5 1
1279 -10 -30 5 1
1278 -10 -29 5 1
1276 -10 -28 5 1
1872 -9 -32 -2 1
88 -9 -32 5 1
1278 -9 -31 5 1
1278 -9 -30 5 1
1278 -9 -29 5 1
1278 -9 -28 5 1
1872 -8 -32 -2 1
88 -8 -32 5 1
1277 -8 -31 5 1
1277 -8 -30 5 1
1279 -8 -29 5 1
1279 -8 -28 5 1
1872 -7 -32 -2 1
94 -7 -32 5 1
1279 -7 -31 5 1
1277 -7 -30 5 1
1276 -7 -29 5 1
1277 -7 -28 5 1
1872 -6 -32 -2 1
88 -6 -32 5 1
1277 -6 -31 5 1
87 -6 -31 5 1
1278 -6 -30 5 1
87 -6 -30 5 1
1279 -6 -29 5 1
87 -6 -29 5 1
1279 -6 -28 5 1
87 -6 -28 5 1
1872 -5 -32 -2 1
88 -5 -32 5 1
1278 -5 -31 5 1
1278 -5 -30 5 1
1278 -5 -29 5 1
1278 -5 -28 5 1
1872 -4 -32 -2 1
94 -4 -32 5 1
1277 -4 -31 5 1
1278 -4 -30 5 1
1279 -4 -29 5 1
1277 -4 -28 5 1
1872 -3 -32 -2 1
88 -3 -32 5 1
1278 -3 -31 5 1
1279 -3 -30 5 1
1278 -3 -29 5 1
1276 -3 -28 5 1
1872 -2 -32 -2 1
88 -2 -32 5 1
1276 -2 -31 5 1
1277 -2 -30 5 1
1277 -2 -29 5 1
1277 -2 -28 5 1
1872 -1 -32 -2 1
88 -1 -32 5 1
1278 -1 -31 5 1
1277 -1 -30 5 1
1277 -1 -29 5 1
1279 -1 -28 5 1
1872 0 -32 -2 1
94 0 -32 5 1
1278 0 -31 5 1
1277 0 -30 5 1
1279 0 -29 5 1
1277 0 -28 5 1
1872 1 -32 -2 1
88 1 -32 5 1
1277 1 -31 5 1
87 1 -31 5 1
1277 1 -30 5 1
87 1 -30 5 1
1276 1 -29 5 1
87 1 -29 5 1
1276 1 -28 5 1
87 1 -28 5 1
1872 2 -32 -2 1
88 2 -32 5 1
1276 2 -31 5 1
1276 2 -30 5 1
1279 2 -29 5 1
1279 2 -28 5 1
1872 3 -32 -2 1
88 3 -32 5 1
1278 3 -31 5 1
1277 3 -30 5 1
1277 3 -29 5 1
1279 3 -28 5 1
1872 4 -32 -2 1
94 4 -32 5 1
1277 4 -31 5 1
1279 4 -30 5 1
1278 4 -29 5 1
1279 4 -28 5 1
88 -11 -32 25 1
1277 -11 -31 25 1
1276 -11 -30 25 1
1277 -11 -29 25 1
1279 -11 -28 25 1
94 -10 -32 25 1
1279 -10 -31 25 1
1277 -10 -30 25 1
1276 -10 -29 25 1
1279 -10 -28 25 1
88 -9 -32 25 1
1279 -9 -31 25 1
1276 -9 -30 25 1
1277 -9 -29 25 1
1278 -9 -28 25 1
88 -8 -32 25 1
1279 -8 -31 25 1
87 -8 -31 25 1
1278 -8 -30 25 1
87 -8 -30 25 1
1278 -8 -29 25 1
87 -8 -29 25 1
1279 -8 -28 25 1
87 -8 -28 25 1
88 -7 -32 25 1
1277 -7 -31 25 1
1278 -7 -30 25 1
1276 -7 -29 25 1
1277 -7 -28 25 1
88 -6 -32 25 1
1278 -6 -31 25 1
1278 -6 -30 25 1
1277 -6 -29 25 1
1276 -6 -28 25 1
88 -5 -32 25 1
1276 -5 -31 25 1
1278 -5 -30 25 1
1278 -5 -29 25 1
1278 -5 -28 25 1
94 -4 -32 25 1
1278 -4 -31 25 1
1278 -4 -30 25 1
1277 -4 -29 25 1
1277 -4 -28 25 1
88 -3 -32 25 1
1278 -3 -31 25 1
1279 -3 -30 25 1
1277 -3 -29 25 1
1279 -3 -28 25 1
88 -2 -32 25 1
1276 -2 -31 25 1
1277 -2 -30 25 1
1276 -2 -29 25 1
1277 -2 -28 25 1
88 -1 -32 25 1
1279 -1 -31 25 1
1279 -1 -30 25 1
1276 -1 -29 25 1
1278 -1 -28 25 1
88 0 -32 25 1
1277 0 -31 25 1
1277 0 -30 25 1
1276 0 -29 25 1
1278 0 -28 25 1
88 1 -32 25 1
1276 1 -31 25 1
1279 1 -30 25 1
1277 1 -29 25 1
1276 1 -28 25 1
94 2 -32 25 1
1276 2 -31 25 1
1279 2 -30 25 1
1277 2 -29 25 1
1278 2 -28 25 1
88 3 -32 25 1
1277 3 -31 25 1
1277 3 -30 25 1
1278 3 -29 25 1
1279 3 -28 25 1
88 4 -32 25 1
1278 4 -31 25 1
93 4 -31 25 1
1278 4 -30 25 1
87 4 -30 25 1
1279 4 -29 25 1
1276 4 -28 25 1
87 4 -28 25 1
88 -11 -32 45 1
1277 -11 -31 45 1
1277 -11 -30 45 1
1278 -11 -29 45 1
1277 -11 -28 45 1
88 -10 -32 45 1
1276 -10 -31 45 1
1279 -10 -30 45 1
1277 -10 -29 45 1
1279 -10 -28 45 1
88 -9 -32 45 1
1276 -9 -31 45 1
1277 -9 -30 45 1
1279 -9 -29 45 1
1276 -9 -28 45 1
94 -8 -32 45 1
1276 -8 -31 45 1
1277 -8 -30 45 1
1278 -8 -29 45 1
1278 -8 -28 45 1
88 -7 -32 45 1
1279 -7 -31 45 1
1279 -7 -30 45 1
1276 -7 -29 45 1
1276 -7 -28 45 1
88 -6 -32 45 1
1277 -6 -31 45 1
1276 -6 -30 45 1
1279 -6 -29 45 1
1277 -6 -28 45 1
88 -5 -32 45 1
1278 -5 -31 45 1
1278 -5 -30 45 1
1278 -5 -29 45 1
1278 -5 -28 45 1
94 -4 -32 45 1
1279 -4 -31 45 1
1276 -4 -30 45 1
1277 -4 -29 45 1
1276 -4 -28 45 1
88 -3 -32 45 1
1277 -3 -31 45 1
1276 -3 -30 45 1
1279 -3 -29 45 1
1276 -3 -28 45 1
88 -2 -32 45 1
1279 -2 -31 45 1
93 -2 -31 45 1
1278 -2 -30 45 1
87 -2 -30 45 1
1278 -2 -29 45 1
1278 -2 -28 45 1
87 -2 -28 45 1
95 -1 -32 45 1
1276 -1 -31 45 1
1276 -1 -30 45 1
1276 -1 -29 45 1
1276 -1 -28 45 1
105 0 -32 52 1
1278 0 -31 45 1
1278 0 -30 45 1
1276 0 -29 45 1
1277 0 -28 45 1
105 1 -32 52 1
1277 1 -31 45 1
1279 1 -30 45 1
1276 1 -29 45 1
1279 1 -28 45 1
105 2 -32 52 1
1279 2 -31 45 1
1276 2 -30 45 1
1277 2 -29 45 1
1279 2 -28 45 1
105 3 -32 52 1
1277 3 -31 45 1
1277 3 -30 45 1
1276 3 -29 45 1
1276 3 -28 45 1
95 4 -32 45 1
1279 4 -31 45 1
96 4 -31 45 1
1277 4 -30 45 1
106 4 -30 52 1
1277 4 -29 45 1
106 4 -29 52 1
1278 4 -28 45 1
106 4 -28 52 1
1278 -11 -31 65 1
1276 -11 -30 65 1
1278 -11 -29 65 1
1277 -11 -28 65 1
1277 -10 -31 65 1
1276 -10 -30 65 1
1279 -10 -29 65 1
1276 -10 -28 65 1
1276 -9 -31 65 1
1278 -9 -30 65 1
1279 -9 -29 65 1
1279 -9 -28 65 1
1279 -8 -31 65 1
1279 -8 -30 65 1
1279 -8 -29 65 1
1279 -8 -28 65 1
1276 -7 -31 65 1
1276 -7 -30 65 1
1276 -7 -29 65 1
1276 -7 -28 65 1
1279 -6 -31 65 1
1279 -6 -30 65 1
1277 -6 -29 65 1
1277 -6 -28 65 1
1278 -5 -31 65 1
1278 -5 -30 65 1
1276 -5 -29 65 1
1279 -5 -28 65 1
1276 -4 -31 65 1
1276 -4 -30 65 1
1276 -4 -29 65 1
1277 -4 -28 65 1
1279 -3 -31 65 1
1278 -3 -30 65 1
1277 -3 -29 65 1
1277 -3 -28 65 1
1279 -2 -31 65 1
1278 -2 -30 65 1
1276 -2 -29 65 1
1278 -2 -28 65 1
106 -2 -31 65 1
106 -2 -30 65 1
106 -2 -29 65 1
106 -2 -28 65 1
105 -11 -32 65 1
105 -10 -32 65 1
105 -9 -32 65 1
105 -8 -32 65 1
105 -7 -32 65 1
105 -6 -32 65 1
105 -5 -32 65 1
105 -4 -32 65 1
105 -3 -32 65 1
105 -2 -32 65 1
1279 -11 -27 5 1
1276 -11 -26 5 1
88 -11 -26 5 1
1278 -11 -25 5 1
1276 -11 -24 5 1
1277 -11 -23 5 1
1277 -11 -22 5 1
1276 -11 -21 5 1
1277 -11 -20 5 1
1277 -11 -19 5 1
1277 -11 -18 5 1
1278 -11 -17 5 1
1278 -11 -16 5 1
1278 -11 -15 5 1
1278 -11 -14 5 1
1278 -11 -13 5 1
1279 -11 -12 5 1
1278 -10 -27 5 1
1279 -10 -26 5 1
88 -10 -26 5 1
1276 -10 -25 5 1
1276 -10 -24 5 1
1279 -10 -23 5 1
1277 -10 -22 5 1
1278 -10 -21 5 1
1278 -10 -20 5 1
1277 -10 -19 5 1
1276 -10 -18 5 1
1276 -10 -17 5 1
1278 -10 -16 5 1
1277 -10 -15 5 1
1278 -10 -14 5 1
1277 -10 -13 5 1
1276 -10 -12 5 1
1278 -9 -27 5 1
1279 -9 -26 5 1
88 -9 -26 5 1
1277 -9 -25 5 1
1279 -9 -24 5 1
1278 -9 -23 5 1
1277 -9 -22 5 1
1278 -9 -21 5 1
1278 -9 -20 5 1
1278 -9 -19 5 1
1279 -9 -18 5 1
1277 -9 -17 5 1
3352 -9 -16 -2 1
1279 -9 -16 5 1
1278 -9 -15 5 1
1277 -9 -14 5 1
1277 -9 -13 5 1
1276 -9 -12 5 1
1279 -8 -27 5 1
1278 -8 -26 5 1
88 -8 -26 5 1
3253 -8 -25 -2 1
1277 -8 -25 5 1
1277 -8 -24 5 1
1279 -8 -23 5 1
1276 -8 -22 5 1
1278 -8 -21 5 1
1278 -8 -20 5 1
1278 -8 -19 5 1
1278 -8 -18 5 1
1278 -8 -17 5 1
1278 -8 -16 5 1
1279 -8 -15 5 1
1277 -8 -14 5 1
1278 -8 -13 5 1
1279 -8 -12 5 1
1276 -7 -27 5 1
1278 -7 -26 5 1
1276 -7 -25 5 1
1278 -7 -24 5 1
1276 -7 -23 5 1
1277 -7 -22 5 1
1279 -7 -21 5 1
1278 -7 -20 5 1
1276 -7 -19 5 1
1278 -7 -18 5 1
1277 -7 -17 5 1
1276 -7 -16 5 1
1278 -7 -15 5 1
1277 -7 -14 5 1
3127 -7 -13 -2 1
1276 -7 -13 5 1
1279 -7 -12 5 1
1277 -6 -27 5 1
87 -6 -27 5 1
1278 -6 -26 5 1
89 -6 -26 5 1
1277 -6 -25 5 1
1278 -6 -24 5 1
1276 -6 -23 5 1
1279 -6 -22 5 1
1279 -6 -21 5 1
1277 -6 -20 5 1
1278 -6 -19 5 1
1277 -6 -18 5 1
1279 -6 -17 5 1
1276 -6 -16 5 1
1276 -6 -15 5 1
1276 -6 -14 5 1
1279 -6 -13 5 1
1277 -6 -12 5 1
1279 -5 -27 5 1
1276 -5 -26 5 1
88 -5 -26 5 1
1279 -5 -25 5 1
3248 -5 -24 -2 1
1276 -5 -24 5 1
1278 -5 -23 5 1
1277 -5 -22 5 1
1278 -5 -21 5 1
1279 -5 -20 5 1
1276 -5 -19 5 1
1279 -5 -18 5 1
1279 -5 -17 5 1
1278 -5 -16 5 1
1279 -5 -15 5 1
1279 -5 -14 5 1
3250 -5 -13 -2 1
1279 -5 -13 5 1
1276 -5 -12 5 1
1279 -4 -27 5 1
1279 -4 -26 5 1
88 -4 -26 5 1
1278 -4 -25 5 1
1279 -4 -24 5 1
1279 -4 -23 5 1
3141 -4 -22 -2 1
1276 -4 -22 5 1
1276 -4 -21 5 1
1277 -4 -20 5 1
1279 -4 -19 5 1
1279 -4 -18 5 1
3254 -4 -17 -2 1
1276 -4 -17 5 1
1277 -4 -16 5 1
1277 -4 -15 5 1
1279 -4 -14 5 1
1277 -4 -13 5 1
1276 -4 -12 5 1
1277 -3 -27 5 1
1276 -3 -26 5 1
88 -3 -26 5 1
1278 -3 -25 5 1
1279 -3 -24 5 1
1279 -3 -23 5 1
1276 -3 -22 5 1
6008 -3 -21 -2 1
1276 -3 -21 5 1
1276 -3 -20 5 1
1279 -3 -19 5 1
1279 -3 -18 5 1
1279 -3 -17 5 1
1276 -3 -16 5 1
1277 -3 -15 5 1
1277 -3 -14 5 1
1279 -3 -13 5 1
1277 -3 -12 5 1
1277 -2 -27 5 1
1277 -2 -26 5 1
88 -2 -26 5 1
1278 -2 -25 5 1
1278 -2 -24 5 1
1276 -2 -23 5 1
1279 -2 -22 5 1
1279 -2 -21 5 1
1277 -2 -20 5 1
1276 -2 -19 5 1
1278 -2 -18 5 1
1276 -2 -17 5 1
1278 -2 -16 5 1
3254 -2 -15 -2 1
1279 -2 -15 5 1
1278 -2 -14 5 1
1276 -2 -13 5 1
1276 -2 -12 5 1
1278 -1 -27 5 1
1278 -1 -26 5 1
88 -1 -26 5 1
1277 -1 -25 5 1
1277 -1 -24 5 1
1279 -1 -23 5 1
1279 -1 -22 5 1
1278 -1 -21 5 1
1278 -1 -20 5 1
6416 -1 -20 5 1
1278 -1 -19 5 1
6424 -1 -19 5 1
1277 -1 -18 5 1
6424 -1 -18 5 1
1278 -1 -17 5 1
6424 -1 -17 5 1
1278 -1 -16 5 1
6424 -1 -16 5 1
1277 -1 -15 5 1
6424 -1 -15 5 1
1277 -1 -14 5 1
6424 -1 -14 5 1
1278 -1 -13 5 1
6424 -1 -13 5 1
1276 -1 -12 5 1
1276 0 -27 5 1
1278 0 -26 5 1
1278 0 -25 5 1
1277 0 -24 5 1
1276 0 -23 5 1
1278 0 -22 5 1
1276 0 -21 5 1
1277 0 -20 5 1
6426 0 -20 5 1
1277 0 -19 5 1
1276 0 -18 5 1
1279 0 -17 5 1
1278 0 -16 5 1
1277 0 -15 5 1
1279 0 -14 5 1
1278 0 -13 5 1
1276 0 -12 5 1
1277 1 -27 5 1
87 1 -27 5 1
1278 1 -26 5 1
89 1 -26 5 1
1279 1 -25 5 1
1278 1 -24 5 1
1276 1 -23 5 1
1279 1 -22 5 1
1279 1 -21 5 1
1278 1 -20 5 1
6426 1 -20 5 1
1278 1 -19 5 1
1279 1 -18 5 1
1279 1 -17 5 1
1279 1 -16 5 1
1278 1 -15 5 1
1278 1 -14 5 1
1278 1 -13 5 1
1277 1 -12 5 1
1279 2 -27 5 1
1277 2 -26 5 1
88 2 -26 5 1
1279 2 -25 5 1
1277 2 -24 5 1
1276 2 -23 5 1
1277 2 -22 5 1
1277 2 -21 5 1
1277 2 -20 5 1
6426 2 -20 5 1
1277 2 -19 5 1
1277 2 -18 5 1
1279 2 -17 5 1
1277 2 -16 5 1
1278 2 -15 5 1
1277 2 -14 5 1
1277 2 -13 5 1
1279 2 -12 5 1
1277 3 -27 5 1
1278 3 -26 5 1
88 3 -26 5 1
1276 3 -25 5 1
1276 3 -24 5 1
1277 3 -23 5 1
1279 3 -22 5 1
1276 3 -21 5 1
1278 3 -20 5 1
1276 3 -19 5 1
1277 3 -18 5 1
1276 3 -17 5 1
1276 3 -16 5 1
1279 3 -15 5 1
1276 3 -14 5 1
1276 3 -13 5 1
1278 3 -12 5 1
1276 4 -27 5 1
1276 4 -26 5 1
88 4 -26 5 1
1277 4 -25 5 1
1278 4 -24 5 1
1278 4 -23 5 1
1278 4 -22 5 1
1277 4 -21 5 1
1279 4 -20 5 1
90 4 -20 5 1
1276 4 -19 5 1
87 4 -19 5 1
1278 4 -18 5 1
87 4 -18 5 1
1276 4 -17 5 1
87 4 -17 5 1
1277 4 -16 5 1
87 4 -16 5 1
1277 4 -15 5 1
87 4 -15 5 1
3252 4 -14 -2 1
1277 4 -14 5 1
87 4 -14 5 1
1279 4 -13 5 1
87 4 -13 5 1
1279 4 -12 5 1
87 4 -12 5 1
1276 -11 -27 25 1
1278 -11 -26 25 1
88 -11 -26 25 1
1277 -11 -25 25 1
1277 -11 -24 25 1
1278 -11 -23 25 1
1279 -11 -22 25 1
1276 -11 -21 25 1
1278 -11 -20 25 1
1276 -11 -19 25 1
1276 -11 -18 25 1
1277 -11 -17 25 1
1279 -11 -16 25 1
1279 -11 -15 25 1
1278 -11 -14 25 1
1276 -11 -13 25 1
1279 -11 -12 25 1
1276 -10 -27 25 1
1278 -10 -26 25 1
88 -10 -26 25 1
1279 -10 -25 25 1
1278 -10 -24 25 1
1279 -10 -23 25 1
1276 -10 -22 25 1
1279 -10 -21 25 1
1277 -10 -20 25 1
1279 -10 -19 25 1
1277 -10 -18 25 1
1279 -10 -17 25 1
1276 -10 -16 25 1
1276 -10 -15 25 1
1277 -10 -14 25 1
88 -10 -14 25 1
1278 -10 -13 25 1
1279 -10 -12 25 1
1277 -9 -27 25 1
1278 -9 -26 25 1
1276 -9 -25 25 1
1279 -9 -24 25 1
1278 -9 -23 25 1
1276 -9 -22 25 1
1279 -9 -21 25 1
1279 -9 -20 25 1
1277 -9 -19 25 1
1277 -9 -18 25 1
1278 -9 -17 25 1
1279 -9 -16 25 1
1277 -9 -15 25 1
1278 -9 -14 25 1
88 -9 -14 25 1
1278 -9 -13 25 1
1277 -9 -12 25 1
1279 -8 -27 25 1
87 -8 -27 25 1
1276 -8 -26 25 1
89 -8 -26 25 1
1279 -8 -25 25 1
1278 -8 -24 25 1
1277 -8 -23 25 1
1279 -8 -22 25 1
1278 -8 -21 25 1
1277 -8 -20 25 1
1278 -8 -19 25 1
1276 -8 -18 25 1
1279 -8 -17 25 1
1279 -8 -16 25 1
1276 -8 -15 25 1
1279 -8 -14 25 1
88 -8 -14 25 1
1276 -8 -13 25 1
1279 -8 -12 25 1
1276 -7 -27 25 1
1277 -7 -26 25 1
88 -7 -26 25 1
1279 -7 -25 25 1
1277 -7 -24 25 1
1278 -7 -23 25 1
1277 -7 -22 25 1
1278 -7 -21 25 1
1279 -7 -20 25 1
1276 -7 -19 25 1
1276 -7 -18 25 1
1279 -7 -17 25 1
1277 -7 -16 25 1
1276 -7 -15 25 1
1276 -7 -14 25 1
88 -7 -14 25 1
1277 -7 -13 25 1
1277 -7 -12 25 1
1277 -6 -27 25 1
1279 -6 -26 25 1
1277 -6 -25 25 1
1276 -6 -24 25 1
1279 -6 -23 25 1
1279 -6 -22 25 1
1277 -6 -21 25 1
1276 -6 -20 25 1
1279 -6 -19 25 1
1278 -6 -18 25 1
1278 -6 -17 25 1
1279 -6 -16 25 1
1276 -6 -15 25 1
1277 -6 -14 25 1
88 -6 -14 25 1
1278 -6 -13 25 1
1277 -6 -12 25 1
1277 -5 -27 25 1
1277 -5 -26 25 1
88 -5 -26 25 1
1279 -5 -25 25 1
87 -5 -25 25 1
1276 -5 -24 25 1
87 -5 -24 25 1
1278 -5 -23 25 1
87 -5 -23 25 1
1279 -5 -22 25 1
87 -5 -22 25 1
1279 -5 -21 25 1
87 -5 -21 25 1
1277 -5 -20 25 1
87 -5 -20 25 1
1279 -5 -19 25 1
87 -5 -19 25 1
1279 -5 -18 25 1
1279 -5 -17 25 1
87 -5 -17 25 1
1279 -5 -16 25 1
87 -5 -16 25 1
1279 -5 -15 25 1
1278 -5 -14 25 1
89 -5 -14 25 1
1276 -5 -13 25 1
87 -5 -13 25 1
1276 -5 -12 25 1
87 -5 -12 25 1
1278 -4 -27 25 1
1279 -4 -26 25 1
88 -4 -26 25 1
1279 -4 -25 25 1
1278 -4 -24 25 1
1279 -4 -23 25 1
1277 -4 -22 25 1
1276 -4 -21 25 1
1279 -4 -20 25 1
1276 -4 -19 25 1
1279 -4 -18 25 1
1278 -4 -17 25 1
88 -4 -17 25 1
1278 -4 -16 25 1
1279 -4 -15 25 1
1277 -4 -14 25 1
1278 -4 -13 25 1
1276 -4 -12 25 1
1279 -3 -27 25 1
1278 -3 -26 25 1
88 -3 -26 25 1
1276 -3 -25 25 1
1277 -3 -24 25 1
1276 -3 -23 25 1
1276 -3 -22 25 1
1279 -3 -21 25 1
1279 -3 -20 25 1
1276 -3 -19 25 1
1278 -3 -18 25 1
1277 -3 -17 25 1
88 -3 -17 25 1
1278 -3 -16 25 1
1276 -3 -15 25 1
1276 -3 -14 25 1
1278 -3 -13 25 1
1278 -3 -12 25 1
1276 -2 -27 25 1
1277 -2 -26 25 1
88 -2 -26 25 1
1279 -2 -25 25 1
1278 -2 -24 25 1
1278 -2 -23 25 1
1276 -2 -22 25 1
1279 -2 -21 25 1
1279 -2 -20 25 1
1277 -2 -19 25 1
1276 -2 -18 25 1
1278 -2 -17 25 1
88 -2 -17 25 1
1276 -2 -16 25 1
1277 -2 -15 25 1
1279 -2 -14 25 1
1278 -2 -13 25 1
1279 -2 -12 25 1
1278 -1 -27 25 1
1277 -1 -26 25 1
88 -1 -26 25 1
1278 -1 -25 25 1
1278 -1 -24 25 1
1279 -1 -23 25 1
1278 -1 -22 25 1
1278 -1 -21 25 1
1277 -1 -20 25 1
1278 -1 -19 25 1
1279 -1 -18 25 1
1276 -1 -17 25 1
88 -1 -17 25 1
1279 -1 -16 25 1
1277 -1 -15 25 1
1277 -1 -14 25 1
1276 -1 -13 25 1
1276 -1 -12 25 1
1277 0 -27 25 1
1279 0 -26 25 1
88 0 -26 25 1
1278 0 -25 25 1
1276 0 -24 25 1
1279 0 -23 25 1
1278 0 -22 25 1
1277 0 -21 25 1
1276 0 -20 25 1
1277 0 -19 25 1
1276 0 -18 25 1
1276 0 -17 25 1
88 0 -17 25 1
1276 0 -16 25 1
1277 0 -15 25 1
1277 0 -14 25 1
1279 0 -13 25 1
1279 0 -12 25 1
1276 1 -27 25 1
1276 1 -26 25 1
88 1 -26 25 1
1279 1 -25 25 1
1278 1 -24 25 1
1279 1 -23 25 1
1278 1 -22 25 1
1276 1 -21 25 1
1277 1 -20 25 1
1279 1 -19 25 1
1278 1 -18 25 1
1277 1 -17 25 1
88 1 -17 25 1
1276 1 -16 25 1
1277 1 -15 25 1
1277 1 -14 25 1
1278 1 -13 25 1
1276 1 -12 25 1
1278 2 -27 25 1
1277 2 -26 25 1
88 2 -26 25 1
1279 2 -25 25 1
1277 2 -24 25 1
1278 2 -23 25 1
1277 2 -22 25 1
1277 2 -21 25 1
1277 2 -20 25 1
1279 2 -19 25 1
1278 2 -18 25 1
1278 2 -17 25 1
88 2 -17 25 1
1279 2 -16 25 1
1279 2 -15 25 1
1279 2 -14 25 1
1279 2 -13 25 1
1277 2 -12 25 1
1277 3 -27 25 1
1278 3 -26 25 1
88 3 -26 25 1
1276 3 -25 25 1
1278 3 -24 25 1
1278 3 -23 25 1
1277 3 -22 25 1
1276 3 -21 25 1
1279 3 -20 25 1
1278 3 -19 25 1
1276 3 -18 25 1
1279 3 -17 25 1
88 3 -17 25 1
1277 3 -16 25 1
1278 3 -15 25 1
1276 3 -14 25 1
1277 3 -13 25 1
1277 3 -12 25 1
1279 4 -27 25 1
93 4 -27 25 1
1276 4 -26 25 1
89 4 -26 25 1
1279 4 -25 25 1
87 4 -25 25 1
1276 4 -24 25 1
87 4 -24 25 1
1276 4 -23 25 1
93 4 -23 25 1
1278 4 -22 25 1
87 4 -22 25 1
1277 4 -21 25 1
1276 4 -20 25 1
87 4 -20 25 1
1279 4 -19 25 1
93 4 -19 25 1
1277 4 -18 25 1
87 4 -18 25 1
1276 4 -17 25 1
89 4 -17 25 1
1279 4 -16 25 1
87 4 -16 25 1
1278 4 -15 25 1
93 4 -15 25 1
1276 4 -14 25 1
87 4 -14 25 1
1276 4 -13 25 1
87 4 -13 25 1
1277 4 -12 25 1
1278 -11 -27 45 1
1278 -11 -26 45 1
88 -11 -26 45 1
1278 -11 -25 45 1
1276 -11 -24 45 1
1278 -11 -23 45 1
1278 -11 -22 45 1
1277 -11 -21 45 1
1277 -11 -20 45 1
1278 -11 -19 45 1
1279 -11 -18 45 1
1279 -11 -17 45 1
1279 -11 -16 45 1
1279 -11 -15 45 1
1277 -11 -14 45 1
1278 -11 -13 45 1
1279 -11 -12 45 1
88 -11 -12 45 1
1276 -10 -27 45 1
1277 -10 -26 45 1
88 -10 -26 45 1
1277 -10 -25 45 1
1278 -10 -24 45 1
1277 -10 -23 45 1
1278 -10 -22 45 1
1277 -10 -21 45 1
1276 -10 -20 45 1
1276 -10 -19 45 1
1276 -10 -18 45 1
1276 -10 -17 45 1
1278 -10 -16 45 1
1277 -10 -15 45 1
1276 -10 -14 45 1
1277 -10 -13 45 1
1277 -10 -12 45 1
88 -10 -12 45 1
1279 -9 -27 45 1
1278 -9 -26 45 1
88 -9 -26 45 1
1278 -9 -25 45 1
1277 -9 -24 45 1
1276 -9 -23 45 1
1278 -9 -22 45 1
1276 -9 -21 45 1
1276 -9 -20 45 1
1278 -9 -19 45 1
1277 -9 -18 45 1
1277 -9 -17 45 1
1276 -9 -16 45 1
1277 -9 -15 45 1
1279 -9 -14 45 1
1278 -9 -13 45 1
1277 -9 -12 45 1
94 -9 -12 45 1
1277 -8 -27 45 1
1279 -8 -26 45 1
88 -8 -26 45 1
1278 -8 -25 45 1
1279 -8 -24 45 1
1278 -8 -23 45 1
1277 -8 -22 45 1
1277 -8 -21 45 1
1277 -8 -20 45 1
1277 -8 -19 45 1
1276 -8 -18 45 1
1277 -8 -17 45 1
1277 -8 -16 45 1
1278 -8 -15 45 1
1277 -8 -14 45 1
1279 -8 -13 45 1
1278 -8 -12 45 1
88 -8 -12 45 1
1277 -7 -27 45 1
1277 -7 -26 45 1
88 -7 -26 45 1
1278 -7 -25 45 1
1277 -7 -24 45 1
1279 -7 -23 45 1
1276 -7 -22 45 1
1279 -7 -21 45 1
1277 -7 -20 45 1
1276 -7 -19 45 1
1276 -7 -18 45 1
1279 -7 -17 45 1
1277 -7 -16 45 1
1276 -7 -15 45 1
1276 -7 -14 45 1
1277 -7 -13 45 1
1276 -7 -12 45 1
94 -7 -12 45 1
1279 -6 -27 45 1
1279 -6 -26 45 1
88 -6 -26 45 1
1279 -6 -25 45 1
1278 -6 -24 45 1
1278 -6 -23 45 1
1277 -6 -22 45 1
1278 -6 -21 45 1
1278 -6 -20 45 1
1278 -6 -19 45 1
1277 -6 -18 45 1
1277 -6 -17 45 1
1277 -6 -16 45 1
1279 -6 -15 45 1
1276 -6 -14 45 1
1277 -6 -13 45 1
1276 -6 -12 45 1
88 -6 -12 45 1
1276 -5 -27 45 1
1278 -5 -26 45 1
88 -5 -26 45 1
1277 -5 -25 45 1
1279 -5 -24 45 1
1276 -5 -23 45 1
1276 -5 -22 45 1
1279 -5 -21 45 1
1276 -5 -20 45 1
1278 -5 -19 45 1
1276 -5 -18 45 1
1278 -5 -17 45 1
1276 -5 -16 45 1
1277 -5 -15 45 1
1277 -5 -14 45 1
1278 -5 -13 45 1
1278 -5 -12 45 1
88 -5 -12 45 1
1279 -4 -27 45 1
1278 -4 -26 45 1
88 -4 -26 45 1
1279 -4 -25 45 1
1277 -4 -24 45 1
1278 -4 -23 45 1
1277 -4 -22 45 1
1279 -4 -21 45 1
1276 -4 -20 45 1
1276 -4 -19 45 1
1277 -4 -18 45 1
1277 -4 -17 45 1
1276 -4 -16 45 1
1276 -4 -15 45 1
1279 -4 -14 45 1
1278 -4 -13 45 1
1277 -4 -12 45 1
94 -4 -12 45 1
1277 -3 -27 45 1
1278 -3 -26 45 1
88 -3 -26 45 1
1276 -3 -25 45 1
1276 -3 -24 45 1
1279 -3 -23 45 1
1279 -3 -22 45 1
1279 -3 -21 45 1
1276 -3 -20 45 1
1277 -3 -19 45 1
1276 -3 -18 45 1
1279 -3 -17 45 1
1277 -3 -16 45 1
1277 -3 -15 45 1
1277 -3 -14 45 1
1278 -3 -13 45 1
1277 -3 -12 45 1
88 -3 -12 45 1
1278 -2 -27 45 1
93 -2 -27 45 1
1277 -2 -26 45 1
89 -2 -26 45 1
1276 -2 -25 45 1
87 -2 -25 45 1
1278 -2 -24 45 1
93 -2 -24 45 1
1277 -2 -23 45 1
87 -2 -23 45 1
1278 -2 -22 45 1
87 -2 -22 45 1
1278 -2 -21 45 1
93 -2 -21 45 1
1279 -2 -20 45 1
87 -2 -20 45 1
1279 -2 -19 45 1
87 -2 -19 45 1
1278 -2 -18 45 1
93 -2 -18 45 1
1279 -2 -17 45 1
87 -2 -17 45 1
1279 -2 -16 45 1
87 -2 -16 45 1
1276 -2 -15 45 1
87 -2 -15 45 1
1278 -2 -14 45 1
93 -2 -14 45 1
1277 -2 -13 45 1
87 -2 -13 45 1
1277 -2 -12 45 1
89 -2 -12 45 1
1278 -1 -27 45 1
1277 -1 -26 45 1
1278 -1 -25 45 1
1276 -1 -24 45 1
1276 -1 -23 45 1
1279 -1 -22 45 1
1276 -1 -21 45 1
1279 -1 -20 45 1
1276 -1 -19 45 1
1277 -1 -18 45 1
1278 -1 -17 45 1
1277 -1 -16 45 1
1278 -1 -15 45 1
1277 -1 -14 45 1
1278 -1 -13 45 1
1279 -1 -12 45 1
1276 0 -27 45 1
1278 0 -26 45 1
1277 0 -25 45 1
1278 0 -24 45 1
1279 0 -23 45 1
1278 0 -22 45 1
1278 0 -21 45 1
1278 0 -20 45 1
1277 0 -19 45 1
1276 0 -18 45 1
1279 0 -17 45 1
1276 0 -16 45 1
1279 0 -15 45 1
1278 0 -14 45 1
1278 0 -13 45 1
1276 0 -12 45 1
1278 1 -27 45 1
1276 1 -26 45 1
1279 1 -25 45 1
1277 1 -24 45 1
1279 1 -23 45 1
1276 1 -22 45 1
1279 1 -21 45 1
1279 1 -20 45 1
1278 1 -19 45 1
1276 1 -18 45 1
1278 1 -17 45 1
1278 1 -16 45 1
1277 1 -15 45 1
1279 1 -14 45 1
1278 1 -13 45 1
1279 1 -12 45 1
1276 2 -27 45 1
1277 2 -26 45 1
1277 2 -25 45 1
1277 2 -24 45 1
1277 2 -23 45 1
1276 2 -22 45 1
1276 2 -21 45 1
1277 2 -20 45 1
1276 2 -19 45 1
1278 2 -18 45 1
1276 2 -17 45 1
1278 2 -16 45 1
1278 2 -15 45 1
1278 2 -14 45 1
1278 2 -13 45 1
1277 2 -12 45 1
1277 3 -27 45 1
1277 3 -26 45 1
1279 3 -25 45 1
1276 3 -24 45 1
1278 3 -23 45 1
1279 3 -22 45 1
1279 3 -21 45 1
1277 3 -20 45 1
1278 3 -19 45 1
1279 3 -18 45 1
1278 3 -17 45 1
1277 3 -16 45 1
1277 3 -15 45 1
1276 3 -14 45 1
1279 3 -13 45 1
1278 3 -12 45 1
1278 4 -27 45 1
106 4 -27 52 1
1277 4 -26 45 1
1278 4 -25 45 1
106 4 -25 52 1
1278 4 -24 45 1
106 4 -24 52 1
1277 4 -23 45 1
106 4 -23 52 1
1279 4 -22 45 1
106 4 -22 52 1
1279 4 -21 45 1
106 4 -21 52 1
1276 4 -20 45 1
106 4 -20 52 1
1276 4 -19 45 1
106 4 -19 52 1
1276 4 -18 45 1
96 4 -18 45 1
1279 4 -17 45 1
106 4 -17 52 1
1276 4 -16 45 1
106 4 -16 52 1
1277 4 -15 45 1
106 4 -15 52 1
1277 4 -14 45 1
106 4 -14 52 1
1279 4 -13 45 1
106 4 -13 52 1
1276 4 -12 45 1
96 4 -12 45 1
1279 -11 -27 65 1
1276 -11 -26 65 1
1276 -11 -24 65 1
1279 -11 -23 65 1
1279 -11 -22 65 1
1278 -11 -21 65 1
1276 -11 -20 65 1
1279 -11 -19 65 1
1277 -11 -18 65 1
1278 -11 -17 65 1
1278 -11 -16 65 1
1277 -11 -15 65 1
1278 -11 -14 65 1
1278 -11 -13 65 1
1278 -11 -12 65 1
1276 -10 -27 65 1
1277 -10 -26 65 1
1277 -10 -24 65 1
1276 -10 -23 65 1
1279 -10 -22 65 1
1278 -10 -21 65 1
1277 -10 -20 65 1
1279 -10 -19 65 1
1277 -10 -18 65 1
1279 -10 -17 65 1
1276 -10 -16 65 1
1278 -10 -15 65 1
1279 -10 -14 65 1
1276 -10 -13 65 1
1278 -10 -12 65 1
1277 -9 -27 65 1
1278 -9 -26 65 1
1278 -9 -24 65 1
1278 -9 -23 65 1
1277 -9 -22 65 1
1277 -9 -21 65 1
1278 -9 -20 65 1
1278 -9 -19 65 1
1279 -9 -18 65 1
1278 -9 -17 65 1
1278 -9 -16 65 1
1277 -9 -15 65 1
1278 -9 -14 65 1
1278 -9 -13 65 1
1278 -9 -12 65 1
1278 -8 -27 65 1
1277 -8 -26 65 1
1278 -8 -24 65 1
1277 -8 -23 65 1
1278 -8 -22 65 1
1277 -8 -21 65 1
1276 -8 -20 65 1
1279 -8 -19 65 1
1278 -8 -18 65 1
1276 -8 -17 65 1
1278 -8 -16 65 1
1276 -8 -15 65 1
1276 -8 -14 65 1
1278 -8 -13 65 1
1279 -8 -12 65 1
1276 -7 -27 65 1
1276 -7 -26 65 1
1278 -7 -25 65 1
1276 -7 -24 65 1
1279 -7 -23 65 1
1276 -7 -22 65 1
1279 -7 -21 65 1
1277 -7 -20 65 1
1276 -7 -19 65 1
1279 -7 -18 65 1
1278 -7 -17 65 1
1277 -7 -16 65 1
1278 -7 -15 65 1
1277 -7 -14 65 1
1277 -7 -13 65 1
1276 -7 -12 65 1
1276 -6 -27 65 1
1279 -6 -26 65 1
1276 -6 -25 65 1
1277 -6 -24 65 1
1279 -6 -23 65 1
1277 -6 -22 65 1
1278 -6 -21 65 1
1277 -6 -20 65 1
1276 -6 -19 65 1
1279 -6 -18 65 1
1278 -6 -17 65 1
1276 -6 -16 65 1
1279 -6 -15 65 1
1278 -6 -14 65 1
1276 -6 -13 65 1
1279 -6 -12 65 1
1278 -5 -27 65 1
1279 -5 -26 65 1
1276 -5 -25 65 1
1278 -5 -24 65 1
1276 -5 -23 65 1
1277 -5 -22 65 1
1276 -5 -21 65 1
1279 -5 -20 65 1
1277 -5 -19 65 1
1278 -5 -18 65 1
1279 -5 -17 65 1
1277 -5 -16 65 1
1279 -5 -15 65 1
1279 -5 -14 65 1
1279 -5 -13 65 1
1277 -5 -12 65 1
1278 -4 -27 65 1
1278 -4 -26 65 1
1276 -4 -25 65 1
1277 -4 -24 65 1
1277 -4 -23 65 1
1277 -4 -22 65 1
1277 -4 -21 65 1
1276 -4 -20 65 1
1277 -4 -19 65 1
1277 -4 -18 65 1
1277 -4 -17 65 1
1276 -4 -16 65 1
1278 -4 -15 65 1
1278 -4 -14 65 1
1278 -4 -13 65 1
1277 -4 -12 65 1
1277 -3 -27 65 1
1278 -3 -26 65 1
1279 -3 -25 65 1
1277 -3 -24 65 1
1279 -3 -23 65 1
1276 -3 -22 65 1
1277 -3 -21 65 1
1279 -3 -20 65 1
1279 -3 -19 65 1
1278 -3 -18 65 1
1279 -3 -17 65 1
1277 -3 -16 65 1
1278 -3 -15 65 1
1279 -3 -14 65 1
1277 -3 -13 65 1
1279 -3 -12 65 1
1279 -2 -27 65 1
1276 -2 -26 65 1
1278 -2 -25 65 1
1279 -2 -24 65 1
1277 -2 -23 65 1
1279 -2 -22 65 1
1279 -2 -21 65 1
1277 -2 -20 65 1
1276 -2 -19 65 1
1278 -2 -18 65 1
1277 -2 -17 65 1
1277 -2 -16 65 1
1279 -2 -15 65 1
1278 -2 -14 65 1
1276 -2 -13 65 1
1279 -2 -12 65 1
106 4 -26 52 1
1276 -11 -25 65 1
1276 -10 -25 65 1
1276 -9 -25 65 1
1276 -8 -25 65 1
105 -11 -12 65 1
105 -10 -12 65 1
105 -9 -12 65 1
105 -8 -12 65 1
105 -7 -12 65 1
105 -6 -12 65 1
105 -5 -12 65 1
105 -4 -12 65 1
105 -3 -12 65 1
107 -2 -12 65 1
106 -2 -27 65 1
106 -2 -26 65 1
106 -2 -25 65 1
106 -2 -24 65 1
106 -2 -23 65 1
106 -2 -22 65 1
106 -2 -21 65 1
106 -2 -20 65 1
106 -2 -19 65 1
106 -2 -18 65 1
106 -2 -17 65 1
106 -2 -16 65 1
106 -2 -15 65 1
106 -2 -14 65 1
106 -2 -13 65 1
1277 -11 -11 5 1
1279 -11 -10 5 1
1276 -11 -9 5 1
1279 -11 -8 5 1
1277 -11 -7 5 1
1279 -11 -6 5 1
1278 -11 -5 5 1
1276 -11 -4 5 1
1277 -11 -3 5 1
1279 -11 -2 5 1
1872 -11 -1 -2 1
1278 -11 -1 5 1
94 -11 -1 5 1
1277 -10 -11 5 1
1277 -10 -10 5 1
1276 -10 -9 5 1
1279 -10 -8 5 1
90 -10 -8 5 1
1279 -10 -7 5 1
87 -10 -7 5 1
1278 -10 -6 5 1
93 -10 -6 5 1
1278 -10 -5 5 1
87 -10 -5 5 1
1278 -10 -4 5 1
87 -10 -4 5 1
1279 -10 -3 5 1
87 -10 -3 5 1
1278 -10 -2 5 1
93 -10 -2 5 1
1872 -10 -1 -2 1
1277 -10 -1 5 1
89 -10 -1 5 1
1883 -10 0 -2 1
1277 -9 -11 5 1
1276 -9 -10 5 1
1278 -9 -9 5 1
1277 -9 -8 5 1
88 -9 -8 5 1
1279 -9 -7 5 1
1278 -9 -6 5 1
1278 -9 -5 5 1
1276 -9 -4 5 1
1276 -9 -3 5 1
1277 -9 -2 5 1
1872 -9 -1 -2 1
1277 -9 -1 5 1
1873 -9 0 -2 1
1277 -8 -11 5 1
1277 -8 -10 5 1
1277 -8 -9 5 1
1279 -8 -8 5 1
94 -8 -8 5 1
1278 -8 -7 5 1
1279 -8 -6 5 1
1276 -8 -5 5 1
1279 -8 -4 5 1
1276 -8 -3 5 1
1276 -8 -2 5 1
1872 -8 -1 -2 1
1276 -8 -1 5 1
1873 -8 0 -2 1
1279 -7 -11 5 1
1277 -7 -10 5 1
1277 -7 -9 5 1
1276 -7 -8 5 1
88 -7 -8 5 1
1279 -7 -7 5 1
1276 -7 -6 5 1
1276 -7 -5 5 1
1276 -7 -4 5 1
1279 -7 -3 5 1
1278 -7 -2 5 1
1872 -7 -1 -2 1
1278 -7 -1 5 1
1873 -7 0 -2 1
1277 -6 -11 5 1
1279 -6 -10 5 1
1277 -6 -9 5 1
1277 -6 -8 5 1
1278 -6 -7 5 1
1279 -6 -6 5 1
1279 -6 -5 5 1
1278 -6 -4 5 1
1276 -6 -3 5 1
1277 -6 -2 5 1
1872 -6 -1 -2 1
1279 -6 -1 5 1
1873 -6 0 -2 1
1276 -5 -11 5 1
1276 -5 -10 5 1
1276 -5 -9 5 1
1276 -5 -8 5 1
1277 -5 -7 5 1
1277 -5 -6 5 1
3250 -5 -5 -2 1
1278 -5 -5 5 1
1276 -5 -4 5 1
1277 -5 -3 5 1
1278 -5 -2 5 1
1872 -5 -1 -2 1
1278 -5 -1 5 1
1873 -5 0 -2 1
1278 -4 -11 5 1
1276 -4 -10 5 1
1277 -4 -9 5 1
1279 -4 -8 5 1
88 -4 -8 5 1
1277 -4 -7 5 1
1277 -4 -6 5 1
1278 -4 -5 5 1
1276 -4 -4 5 1
1278 -4 -3 5 1
1277 -4 -2 5 1
1872 -4 -1 -2 1
1279 -4 -1 5 1
1873 -4 0 -2 1
1276 -3 -11 5 1
1276 -3 -10 5 1
1278 -3 -9 5 1
1276 -3 -8 5 1
88 -3 -8 5 1
1277 -3 -7 5 1
1276 -3 -6 5 1
1276 -3 -5 5 1
1279 -3 -4 5 1
1277 -3 -3 5 1
1277 -3 -2 5 1
1872 -3 -1 -2 1
1278 -3 -1 5 1
1873 -3 0 -2 1
1279 -2 -11 5 1
1278 -2 -10 5 1
1276 -2 -9 5 1
1278 -2 -8 5 1
94 -2 -8 5 1
1278 -2 -7 5 1
1276 -2 -6 5 1
3349 -2 -5 -2 1
1278 -2 -5 5 1
1279 -2 -4 5 1
1276 -2 -3 5 1
1279 -2 -2 5 1
1872 -2 -1 -2 1
1279 -2 -1 5 1
1873 -2 0 -2 1
1276 -1 -11 5 1
1276 -1 -10 5 1
1276 -1 -9 5 1
1279 -1 -8 5 1
88 -1 -8 5 1
1278 -1 -7 5 1
1277 -1 -6 5 1
1278 -1 -5 5 1
1279 -1 -4 5 1
1276 -1 -3 5 1
1278 -1 -2 5 1
1872 -1 -1 -2 1
1279 -1 -1 5 1
1873 -1 0 -2 1
1277 0 -11 5 1
90 0 -11 5 1
1277 0 -10 5 1
87 0 -10 5 1
1279 0 -9 5 1
87 0 -9 5 1
1278 0 -8 5 1
89 0 -8 5 1
1277 0 -7 5 1
87 0 -7 5 1
1276 0 -6 5 1
93 0 -6 5 1
1278 0 -5 5 1
87 0 -5 5 1
1277 0 -4 5 1
87 0 -4 5 1
1277 0 -3 5 1
93 0 -3 5 1
1279 0 -2 5 1
87 0 -2 5 1
1872 0 -1 -2 1
1278 0 -1 5 1
87 0 -1 5 1
1882 0 0 -2 1
1279 1 -11 5 1
88 1 -11 5 1
1278 1 -10 5 1
1277 1 -9 5 1
1277 1 -8 5 1
1276 1 -7 5 1
1277 1 -6 5 1
1277 1 -5 5 1
1276 1 -4 5 1
1279 1 -3 5 1
1279 1 -2 5 1
1872 1 -1 -2 1
1277 1 -1 5 1
88 1 -1 5 1
1279 2 -11 5 1
88 2 -11 5 1
1278 2 -10 5 1
1277 2 -9 5 1
1278 2 -8 5 1
1278 2 -7 5 1
1279 2 -6 5 1
1278 2 -5 5 1
1276 2 -4 5 1
1276 2 -3 5 1
1276 2 -2 5 1
1872 2 -1 -2 1
1279 2 -1 5 1
94 2 -1 5 1
1278 3 -11 5 1
3246 3 -10 -2 1
1278 3 -10 5 1
1279 3 -9 5 1
1278 3 -8 5 1
1277 3 -7 5 1
1279 3 -6 5 1
1277 3 -5 5 1
1277 3 -4 5 1
1276 3 -3 5 1
1278 3 -2 5 1
1872 3 -1 -2 1
1278 3 -1 5 1
88 3 -1 5 1
1276 4 -11 5 1
89 4 -11 5 1
1279 4 -10 5 1
1278 4 -9 5 1
1276 4 -8 5 1
1276 4 -7 5 1
1278 4 -6 5 1
1278 4 -5 5 1
1278 4 -4 5 1
1278 4 -3 5 1
1277 4 -2 5 1
1872 4 -1 -2 1
1279 4 -1 5 1
88 4 -1 5 1
1278 -11 -11 25 1
1279 -11 -10 25 1
1276 -11 -9 25 1
1276 -11 -8 25 1
1279 -11 -7 25 1
1278 -11 -6 25 1
1278 -11 -5 25 1
1277 -11 -4 25 1
1277 -11 -3 25 1
1277 -11 -2 25 1
1279 -11 -1 25 1
105 -11 -1 32 1
1279 -10 -11 25 1
1276 -10 -10 25 1
1276 -10 -9 25 1
1277 -10 -8 25 1
90 -10 -8 25 1
1278 -10 -7 25 1
89 -10 -7 25 1
1279 -10 -6 25 1
96 -10 -6 25 1
1276 -10 -5 25 1
106 -10 -5 32 1
1276 -10 -4 25 1
106 -10 -4 32 1
1277 -10 -3 25 1
106 -10 -3 32 1
1279 -10 -2 25 1
106 -10 -2 32 1
1279 -10 -1 25 1
97 -10 -1 25 1
1276 -9 -11 25 1
1278 -9 -10 25 1
1278 -9 -9 25 1
1276 -9 -8 25 1
88 -9 -8 25 1
1278 -8 -11 25 1
1279 -8 -10 25 1
1278 -8 -9 25 1
1278 -8 -8 25 1
94 -8 -8 25 1
1278 -7 -11 25 1
1277 -7 -10 25 1
1276 -7 -9 25 1
1277 -7 -8 25 1
88 -7 -8 25 1
1277 -6 -11 25 1
1279 -6 -10 25 1
1279 -6 -9 25 1
1279 -6 -8 25 1
94 -6 -8 25 1
1278 -5 -11 25 1
87 -5 -11 25 1
1278 -5 -10 25 1
87 -5 -10 25 1
1277 -5 -9 25 1
87 -5 -9 25 1
1278 -5 -8 25 1
89 -5 -8 25 1
1278 -4 -11 25 1
1276 -4 -10 25 1
1279 -4 -9 25 1
1277 -4 -8 25 1
88 -4 -8 25 1
1278 -3 -11 25 1
1279 -3 -10 25 1
1279 -3 -9 25 1
1279 -3 -8 25 1
94 -3 -8 25 1
1276 -2 -11 25 1
1279 -2 -10 25 1
1278 -2 -9 25 1
1277 -2 -8 25 1
88 -2 -8 25 1
1278 -1 -11 25 1
1278 -1 -10 25 1
1276 -1 -9 25 1
1279 -1 -8 25 1
94 -1 -8 25 1
1277 0 -11 25 1
1276 0 -10 25 1
1278 0 -9 25 1
1277 0 -8 25 1
88 0 -8 25 1
87 0 -7 25 1
96 0 -6 25 1
106 0 -5 32 1
106 0 -4 32 1
106 0 -3 32 1
106 0 -2 32 1
96 0 -1 25 1
1277 1 -11 25 1
1277 1 -10 25 1
1276 1 -9 25 1
1277 1 -8 25 1
1279 1 -7 25 1
88 1 -7 25 1
1277 1 -6 25 1
1276 1 -5 25 1
1277 1 -4 25 1
1276 1 -3 25 1
1277 1 -2 25 1
1279 1 -1 25 1
105 1 -1 32 1
1278 2 -11 25 1
1276 2 -10 25 1
1278 2 -9 25 1
1278 2 -8 25 1
1279 2 -7 25 1
88 2 -7 25 1
1278 2 -6 25 1
1276 2 -5 25 1
1276 2 -4 25 1
1278 2 -3 25 1
1279 2 -2 25 1
1277 2 -1 25 1
105 2 -1 32 1
1277 3 -11 25 1
1277 3 -10 25 1
1276 3 -9 25 1
1277 3 -8 25 1
1279 3 -7 25 1
94 3 -7 25 1
1277 3 -6 25 1
1278 3 -5 25 1
1278 3 -4 25 1
1276 3 -3 25 1
1277 3 -2 25 1
1278 3 -1 25 1
105 3 -1 32 1
1276 4 -11 25 1
87 4 -11 25 1
1277 4 -10 25 1
87 4 -10 25 1
1278 4 -9 25 1
93 4 -9 25 1
1279 4 -8 25 1
87 4 -8 25 1
1279 4 -7 25 1
89 4 -7 25 1
1277 4 -6 25 1
1277 4 -5 25 1
1279 4 -4 25 1
1276 4 -3 25 1
1276 4 -2 25 1
1277 4 -1 25 1
95 4 -1 25 1
1279 -11 -11 45 1
1278 -11 -10 45 1
1277 -11 -9 45 1
1279 -11 -8 45 1
1277 -11 -7 45 1
105 -11 -7 52 1
1279 -10 -11 45 1
1279 -10 -10 45 1
1279 -10 -9 45 1
1277 -10 -8 45 1
98 -10 -8 45 1
1279 -10 -7 45 1
97 -10 -7 45 1
1279 -9 -11 45 1
1279 -9 -10 45 1
1277 -9 -9 45 1
1278 -9 -8 45 1
95 -9 -8 45 1
1279 -8 -11 45 1
1278 -8 -10 45 1
1279 -8 -9 45 1
1277 -8 -8 45 1
105 -8 -8 52 1
1276 -7 -11 45 1
1276 -7 -10 45 1
1279 -7 -9 45 1
1276 -7 -8 45 1
105 -7 -8 52 1
1277 -6 -11 45 1
1276 -6 -10 45 1
1277 -6 -9 45 1
1278 -6 -8 45 1
105 -6 -8 52 1
1277 -5 -11 45 1
1277 -5 -10 45 1
1279 -5 -9 45 1
1278 -5 -8 45 1
95 -5 -8 45 1
1278 -4 -11 45 1
1276 -4 -10 45 1
1278 -4 -9 45 1
1279 -4 -8 45 1
105 -4 -8 52 1
1276 -3 -11 45 1
1277 -3 -10 45 1
1279 -3 -9 45 1
1276 -3 -8 45 1
105 -3 -8 52 1
1278 -2 -11 45 1
1277 -2 -10 45 1
1279 -2 -9 45 1
1279 -2 -8 45 1
105 -2 -8 52 1
1278 -1 -11 45 1
1276 -1 -10 45 1
1277 -1 -9 45 1
1278 -1 -8 45 1
105 -1 -8 52 1
1278 0 -11 45 1
1276 0 -10 45 1
1279 0 -9 45 1
1278 0 -8 45 1
95 0 -8 45 1
96 0 -7 45 1
1277 1 -11 45 1
1279 1 -10 45 1
1276 1 -9 45 1
1276 1 -8 45 1
1277 1 -7 45 1
95 1 -7 45 1
1279 2 -11 45 1
1278 2 -10 45 1
1278 2 -9 45 1
1278 2 -8 45 1
1277 2 -7 45 1
105 2 -7 52 1
1276 3 -11 45 1
1277 3 -10 45 1
1276 3 -9 45 1
1277 3 -8 45 1
1277 3 -7 45 1
105 3 -7 52 1
1276 4 -11 45 1
106 4 -11 52 1
1276 4 -10 45 1
106 4 -10 52 1
1278 4 -9 45 1
106 4 -9 52 1
1279 4 -8 45 1
106 4 -8 52 1
1279 4 -7 45 1
97 4 -7 45 1
1872 5 -32 -2 1
88 5 -32 5 1
1276 5 -31 5 1
1279 5 -30 5 1
1276 5 -29 5 1
1278 5 -28 5 1
1872 6 -32 -2 1
88 6 -32 5 1
1276 6 -31 5 1
1277 6 -30 5 1
1278 6 -29 5 1
1277 6 -28 5 1
1872 7 -32 -2 1
94 7 -32 5 1
1277 7 -31 5 1
1278 7 -30 5 1
1279 7 -29 5 1
1278 7 -28 5 1
1872 8 -32 -2 1
88 8 -32 5 1
1279 8 -31 5 1
1278 8 -30 5 1
1278 8 -29 5 1
1276 8 -28 5 1
1872 9 -32 -2 1
88 9 -32 5 1
1277 9 -31 5 1
1277 9 -30 5 1
1277 9 -29 5 1
1276 9 -28 5 1
1872 10 -32 -2 1
88 10 -32 5 1
1872 10 -31 -2 1
1276 10 -31 5 1
87 10 -31 5 1
1872 10 -30 -2 1
1277 10 -30 5 1
93 10 -30 5 1
1872 10 -29 -2 1
1279 10 -29 5 1
87 10 -29 5 1
1872 10 -28 -2 1
1277 10 -28 5 1
87 10 -28 5 1
95 5 -32 25 1
1278 5 -31 25 1
1276 5 -30 25 1
1279 5 -29 25 1
1278 5 -28 25 1
105 6 -32 32 1
1276 6 -31 25 1
1276 6 -30 25 1
1277 6 -29 25 1
1279 6 -28 25 1
105 7 -32 32 1
1277 7 -31 25 1
1279 7 -30 25 1
1276 7 -29 25 1
1279 7 -28 25 1
105 8 -32 32 1
1279 8 -31 25 1
1276 8 -30 25 1
1279 8 -29 25 1
1278 8 -28 25 1
105 9 -32 32 1
1277 9 -31 25 1
1279 9 -30 25 1
1277 9 -29 25 1
1276 9 -28 25 1
95 10 -32 25 1
1279 10 -31 25 1
96 10 -31 25 1
1277 10 -30 25 1
106 10 -30 32 1
1278 10 -29 25 1
106 10 -29 32 1
1276 10 -28 25 1
106 10 -28 32 1
1279 5 -27 5 1
1278 5 -26 5 1
88 5 -26 5 1
1278 5 -25 5 1
3142 5 -24 -2 1
1276 5 -24 5 1
1276 5 -23 5 1
1277 5 -22 5 1
1278 5 -21 5 1
1277 5 -20 5 1
88 5 -20 5 1
1276 5 -19 5 1
1277 5 -18 5 1
1278 5 -17 5 1
1278 5 -16 5 1
1279 5 -15 5 1
1276 5 -14 5 1
1277 5 -13 5 1
1279 5 -12 5 1
1276 6 -27 5 1
1279 6 -26 5 1
88 6 -26 5 1
1279 6 -25 5 1
1277 6 -24 5 1
1279 6 -23 5 1
1278 6 -22 5 1
1277 6 -21 5 1
1279 6 -20 5 1
88 6 -20 5 1
3141 6 -19 -2 1
1277 6 -19 5 1
1278 6 -18 5 1
1278 6 -17 5 1
3127 6 -16 -2 1
1277 6 -16 5 1
1278 6 -15 5 1
1277 6 -14 5 1
1279 6 -13 5 1
1279 6 -12 5 1
1276 7 -27 5 1
1277 7 -26 5 1
88 7 -26 5 1
1276 7 -25 5 1
1278 7 -24 5 1
1278 7 -23 5 1
1276 7 -22 5 1
1279 7 -21 5 1
1278 7 -20 5 1
88 7 -20 5 1
1277 7 -19 5 1
1277 7 -18 5 1
1277 7 -17 5 1
1278 7 -16 5 1
1276 7 -15 5 1
1279 7 -14 5 1
1279 7 -13 5 1
1278 7 -12 5 1
1276 8 -27 5 1
1277 8 -26 5 1
88 8 -26 5 1
1279 8 -25 5 1
1277 8 -24 5 1
1279 8 -23 5 1
1278 8 -22 5 1
1279 8 -21 5 1
1276 8 -20 5 1
88 8 -20 5 1
3251 8 -19 -2 1
1278 8 -19 5 1
1278 8 -18 5 1
1278 8 -17 5 1
1276 8 -16 5 1
1278 8 -15 5 1
1277 8 -14 5 1
1277 8 -13 5 1
1277 8 -12 5 1
1279 9 -27 5 1
1278 9 -26 5 1
1277 9 -25 5 1
1277 9 -24 5 1
1276 9 -23 5 1
1276 9 -22 5 1
1277 9 -21 5 1
1279 9 -20 5 1
88 9 -20 5 1
1276 9 -19 5 1
1277 9 -18 5 1
1278 9 -17 5 1
1279 9 -16 5 1
1278 9 -15 5 1
1277 9 -14 5 1
1279 9 -13 5 1
1276 9 -12 5 1
1872 10 -27 -2 1
1278 10 -27 5 1
93 10 -27 5 1
1872 10 -26 -2 1
1276 10 -26 5 1
89 10 -26 5 1
1872 10 -25 -2 1
1278 10 -25 5 1
87 10 -25 5 1
1872 10 -24 -2 1
1278 10 -24 5 1
93 10 -24 5 1
1872 10 -23 -2 1
1277 10 -23 5 1
1872 10 -22 -2 1
1277 10 -22 5 1
1872 10 -21 -2 1
1279 10 -21 5 1
93 10 -21 5 1
1872 10 -20 -2 1
1276 10 -20 5 1
89 10 -20 5 1
1872 10 -19 -2 1
1277 10 -19 5 1
87 10 -19 5 1
1872 10 -18 -2 1
1276 10 -18 5 1
93 10 -18 5 1
1872 10 -17 -2 1
1278 10 -17 5 1
87 10 -17 5 1
1872 10 -16 -2 1
1276 10 -16 5 1
87 10 -16 5 1
1872 10 -15 -2 1
1277 10 -15 5 1
87 10 -15 5 1
1872 10 -14 -2 1
1279 10 -14 5 1
87 10 -14 5 1
1872 10 -13 -2 1
1277 10 -13 5 1
93 10 -13 5 1
1872 10 -12 -2 1
1276 10 -12 5 1
87 10 -12 5 1
1884 11 -26 -2 1
2975 11 -26 4 1
1874 11 -25 -2 1
1874 11 -24 -2 1
1874 11 -23 -2 1
1874 11 -22 -2 1
1874 11 -21 -2 1
1882 11 -20 -2 1
1276 5 -27 25 1
1279 5 -26 25 1
95 5 -26 25 1
1279 5 -25 25 1
1279 5 -24 25 1
1277 5 -23 25 1
1279 5 -22 25 1
1279 5 -21 25 1
1277 5 -20 25 1
1278 5 -19 25 1
1276 5 -18 25 1
1276 5 -17 25 1
95 5 -17 25 1
1276 5 -16 25 1
1279 5 -15 25 1
1279 5 -14 25 1
1278 5 -13 25 1
1279 5 -12 25 1
1279 6 -27 25 1
1279 6 -26 25 1
95 6 -26 25 1
1279 6 -25 25 1
1279 6 -24 25 1
1276 6 -23 25 1
1278 6 -22 25 1
1276 6 -21 25 1
1279 6 -20 25 1
1278 6 -19 25 1
1277 6 -18 25 1
1279 6 -17 25 1
95 6 -17 25 1
1279 6 -16 25 1
1279 6 -15 25 1
1278 6 -14 25 1
1276 6 -13 25 1
1278 6 -12 25 1
1276 7 -27 25 1
1276 7 -26 25 1
95 7 -26 25 1
1276 7 -25 25 1
1276 7 -24 25 1
1276 7 -23 25 1
1279 7 -22 25 1
1279 7 -21 25 1
1278 7 -20 25 1
1276 7 -19 25 1
1278 7 -18 25 1
1279 7 -17 25 1
95 7 -17 25 1
1277 7 -16 25 1
1276 7 -15 25 1
1277 7 -14 25 1
1276 7 -13 25 1
1276 7 -12 25 1
1276 8 -27 25 1
1278 8 -26 25 1
95 8 -26 25 1
1278 8 -25 25 1
1279 8 -24 25 1
1278 8 -23 25 1
1278 8 -22 25 1
1278 8 -21 25 1
1279 8 -20 25 1
1278 8 -19 25 1
1276 8 -18 25 1
1276 8 -17 25 1
95 8 -17 25 1
1279 8 -16 25 1
1276 8 -15 25 1
1278 8 -14 25 1
1279 8 -13 25 1
1277 8 -12 25 1
1277 9 -27 25 1
1277 9 -26 25 1
95 9 -26 25 1
1279 9 -25 25 1
1279 9 -24 25 1
1279 9 -23 25 1
1278 9 -22 25 1
1277 9 -21 25 1
1277 9 -20 25 1
1277 9 -19 25 1
1279 9 -18 25 1
1277 9 -17 25 1
95 9 -17 25 1
1277 9 -16 25 1
1277 9 -15 25 1
1277 9 -14 25 1
1276 9 -13 25 1
1278 9 -12 25 1
1276 10 -27 25 1
106 10 -27 32 1
1276 10 -26 25 1
97 10 -26 25 1
1276 10 -25 25 1
106 10 -25 32 1
1278 10 -24 25 1
106 10 -24 32 1
1278 10 -23 25 1
96 10 -23 25 1
1276 10 -22 25 1
96 10 -22 25 1
1279 10 -21 25 1
96 10 -21 25 1
1279 10 -20 25 1
106 10 -20 32 1
1279 10 -19 25 1
106 10 -19 32 1
1278 10 -18 25 1
106 10 -18 32 1
1277 10 -17 25 1
107 10 -17 32 1
1277 10 -16 25 1
106 10 -16 32 1
1278 10 -15 25 1
106 10 -15 32 1
1278 10 -14 25 1
96 10 -14 25 1
1278 10 -13 25 1
106 10 -13 32 1
1279 10 -12 25 1
106 10 -12 32 1
1279 5 -11 5 1
88 5 -11 5 1
1276 5 -10 5 1
1279 5 -9 5 1
1278 5 -8 5 1
1277 5 -7 5 1
1277 5 -6 5 1
1277 5 -5 5 1
1278 5 -4 5 1
1278 5 -3 5 1
1277 5 -2 5 1
1872 5 -1 -2 1
1278 5 -1 5 1
94 5 -1 5 1
1278 6 -11 5 1
88 6 -11 5 1
1276 6 -10 5 1
1277 6 -9 5 1
1276 6 -8 5 1
1279 6 -7 5 1
1279 6 -6 5 1
1278 6 -5 5 1
1277 6 -4 5 1
1278 6 -3 5 1
1276 6 -2 5 1
1872 6 -1 -2 1
1276 6 -1 5 1
88 6 -1 5 1
1276 7 -11 5 1
1279 7 -10 5 1
1278 7 -9 5 1
1276 7 -8 5 1
1279 7 -7 5 1
1279 7 -6 5 1
1278 7 -5 5 1
1278 7 -4 5 1
1276 7 -3 5 1
1277 7 -2 5 1
1872 7 -1 -2 1
1278 7 -1 5 1
88 7 -1 5 1
1277 8 -11 5 1
88 8 -11 5 1
1278 8 -10 5 1
1277 8 -9 5 1
1279 8 -8 5 1
1278 8 -7 5 1
1276 8 -6 5 1
1278 8 -5 5 1
1278 8 -4 5 1
1276 8 -3 5 1
1278 8 -2 5 1
1872 8 -1 -2 1
1278 8 -1 5 1
88 8 -1 5 1
1276 9 -11 5 1
88 9 -11 5 1
1279 9 -10 5 1
1279 9 -9 5 1
3353 9 -8 -2 1
1276 9 -8 5 1
1276 9 -7 5 1
1277 9 -6 5 1
1279 9 -5 5 1
1277 9 -4 5 1
1279 9 -3 5 1
1279 9 -2 5 1
1872 9 -1 -2 1
1277 9 -1 5 1
94 9 -1 5 1
1872 10 -11 -2 1
1277 10 -11 5 1
89 10 -11 5 1
1872 10 -10 -2 1
1277 10 -10 5 1
87 10 -10 5 1
1872 10 -9 -2 1
1278 10 -9 5 1
87 10 -9 5 1
1872 10 -8 -2 1
1277 10 -8 5 1
93 10 -8 5 1
1872 10 -7 -2 1
1278 10 -7 5 1
87 10 -7 5 1
1872 10 -6 -2 1
1277 10 -6 5 1
87 10 -6 5 1
1872 10 -5 -2 1
1277 10 -5 5 1
87 10 -5 5 1
1872 10 -4 -2 1
1279 10 -4 5 1
87 10 -4 5 1
1872 10 -3 -2 1
1278 10 -3 5 1
93 10 -3 5 1
1872 10 -2 -2 1
1279 10 -2 5 1
87 10 -2 5 1
1872 10 -1 -2 1
1279 10 -1 5 1
89 10 -1 5 1
1278 5 -11 25 1
1279 5 -10 25 1
1276 5 -9 25 1
1277 5 -8 25 1
1277 5 -7 25 1
1276 5 -6 25 1
1279 5 -5 25 1
1276 5 -4 25 1
1278 5 -3 25 1
1278 5 -2 25 1
1279 5 -1 25 1
105 5 -1 32 1
1276 6 -11 25 1
1278 6 -10 25 1
1276 6 -9 25 1
1278 6 -8 25 1
1278 6 -7 25 1
1276 6 -6 25 1
1278 6 -5 25 1
1277 6 -4 25 1
1276 6 -3 25 1
1279 6 -2 25 1
1279 6 -1 25 1
105 6 -1 32 1
1277 7 -11 25 1
1277 7 -10 25 1
1279 7 -9 25 1
1278 7 -8 25 1
1278 7 -7 25 1
1276 7 -6 25 1
1279 7 -5 25 1
1276 7 -4 25 1
1278 7 -3 25 1
1277 7 -2 25 1
1278 7 -1 25 1
105 7 -1 32 1
1276 8 -11 25 1
1279 8 -10 25 1
1278 8 -9 25 1
1277 8 -8 25 1
1276 8 -7 25 1
1279 8 -6 25 1
1277 8 -5 25 1
1277 8 -4 25 1
1276 8 -3 25 1
1277 8 -2 25 1
1276 8 -1 25 1
105 8 -1 32 1
1277 9 -11 25 1
1279 9 -10 25 1
1279 9 -9 25 1
1278 9 -8 25 1
1279 9 -7 25 1
1278 9 -6 25 1
1278 9 -5 25 1
1278 9 -4 25 1
1276 9 -3 25 1
1277 9 -2 25 1
1277 9 -1 25 1
105 9 -1 32 1
1279 10 -11 25 1
106 10 -11 32 1
1279 10 -10 25 1
106 10 -10 32 1
1278 10 -9 25 1
106 10 -9 32 1
1278 10 -8 25 1
106 10 -8 32 1
1278 10 -7 25 1
96 10 -7 25 1
1279 10 -6 25 1
106 10 -6 32 1
1279 10 -5 25 1
106 10 -5 32 1
1276 10 -4 25 1
106 10 -4 32 1
1279 10 -3 25 1
106 10 -3 32 1
1279 10 -2 25 1
106 10 -2 32 1
1276 10 -1 25 1
97 10 -1 25 1
