1 version Adam
563 num components
1825 -7 -19 10 1
1825 -7 -18 10 1
1825 -7 -17 10 1
1825 -7 -16 10 1
1825 -7 -15 10 1
1825 -7 -14 10 1
1825 -7 -13 10 1
1825 -7 -12 10 1
1825 -7 -11 10 1
1825 -7 -10 10 1
1825 -7 -9 10 1
1825 -7 -8 10 1
1825 -7 -7 10 1
1825 -7 -6 10 1
1825 -7 -5 10 1
1825 -7 -4 0 1
1825 -7 -4 5 1
1826 -7 -4 10 1
100 -8 -18 29 1
100 -8 -17 29 1
100 -8 -16 29 1
100 -8 -15 29 1
100 -8 -14 29 1
100 -8 -13 29 1
100 -8 -12 29 1
100 -8 -11 29 1
100 -8 -10 29 1
100 -8 -9 29 1
100 -8 -8 29 1
100 -8 -7 29 1
100 -8 -6 29 1
110 -7 -4 26 1
110 -7 -5 26 1
111 -7 -5 15 1
111 -7 -5 15 1
100 -7 -18 26 1
100 -7 -17 26 1
100 -7 -16 26 1
100 -7 -15 26 1
100 -7 -14 26 1
100 -7 -13 26 1
100 -7 -12 26 1
100 -7 -11 26 1
100 -7 -10 26 1
100 -7 -9 26 1
100 -7 -7 26 1
100 -7 -6 26 1
100 -7 -8 26 1
90 -7 -18 26 1
105 -7 -18 42 1
103 -7 -5 26 1
1826 -7 -3 5 1
1826 -7 -2 0 1
1826 -7 -2 0 1
1825 -7 -3 0 1
1825 -6 -19 10 1
1825 -6 -18 10 1
1825 -6 -17 10 1
1825 -6 -16 10 1
1825 -6 -15 10 1
1825 -6 -14 10 1
1825 -6 -13 10 1
1825 -6 -12 10 1
1825 -6 -11 10 1
1825 -6 -10 10 1
1825 -6 -9 10 1
1825 -6 -8 10 1
1825 -6 -7 10 1
1825 -6 -6 10 1
1825 -6 -5 10 1
1825 -5 -19 10 1
1825 -5 -18 10 1
1825 -5 -17 10 1
1825 -5 -16 10 1
1825 -5 -15 10 1
1825 -5 -14 10 1
1825 -5 -13 10 1
1825 -5 -12 10 1
1825 -5 -11 10 1
1825 -5 -10 10 1
1825 -5 -9 10 1
1825 -5 -8 10 1
1825 -5 -7 10 1
1825 -5 -6 10 1
1825 -5 -5 10 1
1825 -4 -19 10 1
1825 -4 -18 10 1
1825 -4 -17 10 1
1825 -4 -16 10 1
1825 -4 -15 10 1
1825 -4 -14 10 1
1825 -4 -13 10 1
1825 -4 -12 10 1
1825 -4 -11 10 1
1825 -4 -10 10 1
1825 -4 -9 10 1
1825 -4 -8 10 1
1825 -4 -7 10 1
1825 -4 -6 10 1
1825 -4 -5 10 1
13042 -5 -13 15 1 2498
13042 -4 -12 15 1 2498
13042 -3 -13 15 1 2498
13042 -4 -13 15 1 2498
13042 -5 -12 15 1 2498
13042 -3 -11 15 1 2498
13042 -4 -11 15 1 2498
13042 -5 -11 15 1 2498
13042 -3 -12 15 1 2498
1825 -4 -19 10 1
1825 -4 -18 10 1
1825 -4 -17 10 1
1825 -4 -16 10 1
1825 -4 -15 10 1
1825 -4 -14 10 1
1825 -4 -13 10 1
1825 -4 -12 10 1
1825 -4 -11 10 1
1825 -4 -10 10 1
1825 -4 -9 10 1
1825 -4 -8 10 1
1825 -4 -7 10 1
1825 -4 -6 10 1
1825 -4 -5 10 1
1825 -3 -19 10 1
1825 -3 -18 10 1
1825 -3 -17 10 1
1825 -3 -16 10 1
1825 -3 -15 10 1
1825 -3 -14 10 1
1825 -3 -13 10 1
1825 -3 -12 10 1
1825 -3 -11 10 1
1825 -3 -10 10 1
1825 -3 -9 10 1
1825 -3 -8 10 1
1825 -3 -7 10 1
1825 -3 -6 10 1
1825 -3 -5 10 1
1825 -2 -19 10 1
1825 -2 -18 10 1
1825 -2 -17 10 1
1825 -2 -16 10 1
1825 -2 -15 10 1
1825 -2 -14 10 1
1825 -2 -13 10 1
1825 -2 -12 10 1
1825 -2 -11 10 1
1825 -2 -10 10 1
1825 -2 -9 10 1
1825 -2 -8 10 1
1825 -2 -7 10 1
1825 -2 -6 10 1
1825 -2 -5 10 1
1825 -1 -19 10 1
1825 -1 -18 10 1
1825 -1 -17 10 1
1825 -1 -16 10 1
1825 -1 -15 10 1
1825 -1 -14 10 1
1825 -1 -13 10 1
1825 -1 -12 10 1
1825 -1 -11 10 1
1825 -1 -10 10 1
1825 -1 -9 10 1
1825 -1 -8 10 1
1825 -1 -7 10 1
1825 -1 -6 10 1
1825 -1 -5 10 1
1825 -1 -19 10 1
1825 -1 -18 10 1
1825 -1 -17 10 1
1825 -1 -16 10 1
1825 -1 -15 10 1
1825 -1 -14 10 1
1825 -1 -13 10 1
1825 -1 -12 10 1
1825 -1 -11 10 1
1825 -1 -10 10 1
1825 -1 -9 10 1
1825 -1 -8 10 1
1825 -1 -7 10 1
1825 -1 -6 10 1
1825 0 -19 10 1
1825 0 -18 10 1
1825 0 -17 10 1
1825 0 -16 10 1
1825 0 -15 10 1
1825 0 -14 10 1
1825 0 -13 10 1
1825 0 -12 10 1
1825 0 -11 10 1
1825 0 -10 10 1
1825 0 -9 10 1
1825 0 -8 10 1
1825 0 -7 10 1
1825 0 -19 10 1
1825 0 -18 10 1
1825 0 -17 10 1
1825 0 -16 10 1
1825 0 -15 10 1
1825 0 -14 10 1
1825 0 -13 10 1
1825 0 -12 10 1
1825 0 -11 10 1
1825 0 -10 10 1
1825 0 -9 10 1
1825 0 -8 10 1
1825 0 -7 10 1
1825 -1 -7 10 1
1825 -1 -6 10 1
1825 0 -7 10 1
1825 0 -6 10 1
1825 0 -7 10 1
1825 0 -6 10 1
1825 -1 -6 10 1
1825 0 -6 10 1
1825 -1 -5 10 1
1825 0 -5 10 1
1825 0 -5 10 1
100 0 -18 29 1
100 0 -17 29 1
100 0 -16 29 1
100 0 -15 29 1
100 0 -14 29 1
100 0 -13 29 1
100 0 -12 29 1
100 0 -11 29 1
100 0 -10 29 1
100 0 -9 29 1
100 0 -8 29 1
100 0 -7 29 1
1825 -6 -4 0 1
1825 -6 -4 5 1
1826 -6 -4 10 1
1825 -5 -4 0 1
1825 -5 -4 5 1
1826 -5 -4 10 1
1825 -4 -4 0 1
1825 -4 -4 5 1
1826 -4 -4 10 1
1825 -3 -4 0 1
1825 -3 -4 5 1
1826 -3 -4 10 1
1825 -2 -4 0 1
1825 -2 -4 5 1
1826 -2 -4 10 1
1825 -1 -4 0 1
1825 -1 -4 5 1
1826 -1 -4 10 1
1825 0 -4 0 1
1825 0 -4 5 1
1826 0 -4 10 1
109 0 -5 15 1
100 0 -6 29 1
109 0 -6 15 1
111 -6 -4 26 1
111 -6 -5 26 1
105 -1 -6 31 1
105 -2 -6 31 1
105 -4 -6 31 1
105 -3 -6 31 1
105 -4 -5 431 1
105 -5 -5 -11 1
105 -5 -6 31 1
105 -6 -6 31 1
105 -1 -5 31 1
105 -2 -5 31 1
105 -3 -5 31 1
105 -4 -5 31 1
105 -5 -5 31 1
105 -6 -5 31 1
100 0 -7 15 1
100 0 -19 15 1
100 0 -18 15 1
100 0 -17 15 1
100 0 -16 15 1
100 0 -15 15 1
100 0 -14 15 1
100 0 -13 15 1
100 0 -12 15 1
100 0 -11 15 1
100 0 -10 15 1
100 0 -9 15 1
100 0 -8 15 1
90 0 -19 15 1
12419 -5 -13 20 1
12416 -5 -12 20 1
12417 -3 -13 20 1
12413 -5 -11 20 1
12415 -4 -12 20 1
12414 -3 -12 20 1
12412 -4 -11 20 1
12411 -3 -11 20 1
12418 -4 -13 20 1
105 1 -18 42 1
105 -6 -18 42 1
105 -5 -18 42 1
105 -4 -18 42 1
105 -3 -18 42 1
105 -2 -18 42 1
105 0 -18 42 1
105 -1 -18 42 1
103 0 -6 15 1
1872 0 -6 -1 1
1872 0 -6 1 1
1872 0 -6 6 1
1872 0 -15 1 1
1872 -1 -15 1 1
1872 0 -15 5 1
1872 0 -15 -4 1
1826 -6 -2 0 1
1826 -6 -2 0 1
1825 -6 -3 0 1
1826 -6 -3 5 1
1826 -5 -2 0 1
1826 -5 -2 0 1
1825 -5 -3 0 1
1826 -5 -3 5 1
1826 -4 -2 0 1
1826 -4 -2 0 1
1825 -4 -3 0 1
1826 -4 -3 5 1
1826 -3 -2 0 1
1826 -3 -2 0 1
1825 -3 -3 0 1
1826 -3 -3 5 1
1826 -2 -2 0 1
1826 -2 -2 0 1
1825 -2 -3 0 1
1826 -2 -3 5 1
1826 -1 -2 0 1
1826 -1 -2 0 1
1825 -1 -3 0 1
1826 -1 -3 5 1
1826 0 -2 0 1
1826 0 -2 0 1
1825 0 -3 0 1
1826 0 -3 5 1
3306 -15 -21 10 1
6012 -15 -17 10 1
3248 -15 -17 10 1
3247 -15 -6 -1 1
6008 -15 1 0 1
3247 -14 -24 0 1
3302 -14 -19 10 1
3303 -14 -19 10 1
3306 -14 -13 0 1
3248 -14 0 0 1
3253 -13 -23 3 1
3248 -13 -20 11 1
3244 -13 -8 0 1
3247 -13 -1 0 1
6004 -12 -21 16 1
3250 -12 -11 0 1
3369 -11 -20 16 1
6054 -11 -8 -4 1
6051 -11 -7 -4 1
6052 -11 -6 -4 1
6064 -11 -5 -4 1
3254 -11 -4 -5 1
3248 -10 -21 16 1
3288 -10 -19 16 1
3289 -10 -19 16 1
3371 -10 -18 10 1
6063 -10 -9 -4 1
6060 -10 -8 -4 1
6043 -10 -7 -4 1
6039 -10 -6 -4 1
6059 -10 -5 -4 1
3248 -9 -24 11 1
3253 -9 -21 16 1
3248 -9 -19 16 1
6054 -9 -14 -4 1
6052 -9 -13 -4 1
6052 -9 -12 -4 1
6051 -9 -11 -4 1
6051 -9 -10 -4 1
6060 -9 -9 -4 1
6041 -9 -8 -4 1
6041 -9 -7 -4 1
6039 -9 -6 -4 1
6039 -9 -5 -4 1
3253 -8 -22 16 1
6054 -8 -16 -4 1
6052 -8 -15 -4 1
6060 -8 -14 -4 1
6041 -8 -13 -4 1
6040 -8 -12 -4 1
6040 -8 -11 -4 1
6043 -8 -10 -4 1
6043 -8 -9 -4 1
6041 -8 -8 -4 1
6043 -8 -7 -4 1
6040 -8 -6 -4 1
6041 -8 -5 -4 1
6062 -8 -4 -4 1
6048 -7 -16 -4 1
6041 -7 -15 -4 1
6040 -7 -14 -4 1
6041 -7 -13 -4 1
6041 -7 -12 -4 1
6043 -7 -11 -4 1
6041 -7 -10 -4 1
6041 -7 -9 -4 1
6043 -7 -8 -4 1
6044 -7 -7 -4 1
6044 -7 -6 -4 1
6040 -7 -5 -4 1
6062 -7 -4 -4 1
6059 -7 -4 -4 1
3252 -6 -23 10 1
6048 -6 -16 -4 1
6039 -6 -15 -4 1
6042 -6 -14 -4 1
6043 -6 -13 -4 1
6041 -6 -12 -4 1
6041 -6 -11 -4 1
6044 -6 -10 -4 1
6039 -6 -9 -4 1
6039 -6 -8 -4 1
6044 -6 -7 -4 1
6041 -6 -6 -4 1
6042 -6 -5 -4 1
6039 -6 -4 -4 1
6063 -5 -18 -4 1
6051 -5 -17 -4 1
6060 -5 -16 -4 1
6040 -5 -15 -4 1
6039 -5 -14 -4 1
6039 -5 -13 -4 1
6042 -5 -12 -4 1
6040 -5 -11 -4 1
6043 -5 -10 -4 1
6043 -5 -9 -4 1
6043 -5 -8 -4 1
6039 -5 -7 -4 1
6039 -5 -6 -4 1
6041 -5 -5 -4 1
6039 -5 -4 -4 1
6048 -4 -18 -4 1
6044 -4 -17 -4 1
6039 -4 -16 -4 1
6042 -4 -15 -4 1
6044 -4 -14 -4 1
6043 -4 -13 -4 1
6044 -4 -12 -4 1
6042 -4 -11 -4 1
6040 -4 -10 -4 1
6041 -4 -9 -4 1
6043 -4 -8 -4 1
6043 -4 -7 -4 1
6039 -4 -6 -4 1
6044 -4 -5 -4 1
6041 -4 -4 -4 1
6048 -3 -18 -4 1
6040 -3 -17 -4 1
6042 -3 -16 -4 1
6043 -3 -15 -4 1
6041 -3 -14 -4 1
6043 -3 -13 -4 1
6043 -3 -12 -4 1
6042 -3 -11 -4 1
6040 -3 -10 -4 1
6044 -3 -9 -4 1
6039 -3 -8 -4 1
6043 -3 -7 -4 1
6040 -3 -6 -4 1
6044 -3 -5 -4 1
6041 -3 -4 -4 1
3251 -3 0 -1 1
3248 -2 -22 1 1
6053 -2 -18 -4 1
6057 -2 -17 -4 1
6040 -2 -16 -4 1
6044 -2 -15 -4 1
6043 -2 -14 -4 1
6042 -2 -13 -4 1
6041 -2 -12 -4 1
6039 -2 -11 -4 1
6043 -2 -10 -4 1
6042 -2 -9 -4 1
6040 -2 -8 -4 1
6041 -2 -7 -4 1
6039 -2 -6 -4 1
6041 -2 -5 -4 1
6039 -2 -4 -4 1
6007 -2 -2 -2 1
3271 -1 -24 16 1
3251 -1 -23 16 1
3250 -1 -22 0 1
6047 -1 -17 -4 1
6039 -1 -16 -4 1
6039 -1 -15 -4 1
6041 -1 -14 -4 1
6040 -1 -13 -4 1
6039 -1 -12 -4 1
6041 -1 -11 -4 1
6041 -1 -10 -4 1
6039 -1 -9 -4 1
6043 -1 -8 -4 1
6044 -1 -7 -4 1
6042 -1 -6 -4 1
6039 -1 -5 -4 1
6041 -1 -4 -4 1
3253 0 -24 16 1
3254 0 -21 0 1
3248 0 -20 0 1
3369 0 -19 0 1
6066 0 -17 -4 1
6057 0 -16 -4 1
6043 0 -15 -4 1
6041 0 -14 -4 1
6042 0 -13 -4 1
6044 0 -12 -4 1
6043 0 -11 -4 1
6042 0 -10 -4 1
6041 0 -9 -4 1
6039 0 -8 -4 1
6044 0 -7 -4 1
6039 0 -6 -4 1
6039 0 -5 -4 1
6040 0 -4 -4 1
3250 1 -22 3 1
6047 1 -16 -4 1
6040 1 -15 -4 1
6042 1 -14 -4 1
6043 1 -13 -4 1
6041 1 -12 -4 1
6043 1 -11 -4 1
6040 1 -10 -4 1
6039 1 -9 -4 1
6041 1 -8 -4 1
6043 1 -7 -4 1
6044 1 -6 -4 1
6043 1 -5 -4 1
6043 1 -4 -4 1
3346 1 0 0 1
6047 2 -16 -4 1
6044 2 -15 -4 1
6044 2 -14 -4 1
6044 2 -13 -4 1
6041 2 -12 -4 1
6039 2 -11 -4 1
6040 2 -10 -4 1
6042 2 -9 -4 1
6039 2 -8 -4 1
6040 2 -7 -4 1
6044 2 -6 -4 1
6040 2 -5 -4 1
6044 2 -4 -4 1
3247 3 -22 0 1
3317 3 -20 0 1
3248 3 -16 0 1
6053 3 -16 -4 1
6061 3 -12 -4 1
6061 3 -11 -4 1
6057 3 -10 -4 1
6061 3 -10 -4 1
6041 3 -9 -4 1
6039 3 -8 -4 1
6041 3 -7 -4 1
6041 3 -6 -4 1
