1 version Galven Watch
49 num components
130 -10 -36 -1 1
130 -9 -36 -1 1
130 -11 -36 -1 1
130 1 -36 -1 1
130 1 -35 -1 1
130 1 -34 -1 1
130 1 -33 -1 1
130 1 -32 -1 1
130 1 -31 -1 1
130 1 -30 -1 1
130 1 -29 -1 1
130 -8 -36 -1 1
130 -7 -36 -1 1
130 -6 -36 -1 1
130 -5 -36 -1 1
130 -4 -36 -1 1
130 -3 -36 -1 1
130 -2 -36 -1 1
130 -1 -36 -1 1
130 0 -36 -1 1
130 1 -28 -1 1
130 1 -27 -1 1
130 1 -26 -1 1
130 1 -25 -1 1
130 1 -24 -1 1
130 1 -23 -1 1
130 1 -22 -1 1
130 1 -21 -1 1
130 1 -20 -1 1
130 1 -19 -1 1
130 1 -18 -1 1
130 1 -17 -1 1
130 1 -16 -1 1
130 1 -15 -1 1
130 1 -14 -1 1
130 1 -13 -1 1
130 1 -12 -1 1
130 1 -11 -1 1
130 1 -10 -1 1
130 1 -9 -1 1
130 1 -8 -1 1
130 1 -7 -1 1
130 1 -6 -1 1
130 1 -5 -1 1
130 1 -4 -1 1
130 1 -3 -1 1
130 1 -2 -1 1
130 1 -1 -1 1
130 1 0 -1 1
