1 version Galven Watch
53 num components
130 -1 1 0 1
130 -1 2 0 1
130 -1 3 0 1
130 -1 4 0 1
130 -1 5 0 1
130 -1 6 0 1
130 -1 7 0 1
130 -1 8 0 1
130 -1 9 2 1
130 -1 10 2 1
130 -1 0 0 1
130 -8 11 4 1
130 -7 11 4 1
130 -6 11 4 1
130 -5 11 4 1
130 -4 11 4 1
130 -3 11 4 1
130 -2 11 4 1
130 -1 11 4 1
130 -9 11 4 1
3310 -8 8 3 1
4971 -8 8 3 1
4965 -7 6 0 1
4961 -7 6 0 1
4964 -7 7 4 1
4966 -7 7 8 1
3353 -7 8 1 1
4973 -7 8 9 1
4962 -6 6 0 1
3897 -6 8 1 1
3249 -6 10 4 1
6583 -6 10 4 1
4965 -5 2 -2 1
6946 -5 7 0 1
6946 -5 8 0 1
4959 -4 2 2 1
4966 -4 2 5 1
4973 -4 3 8 1
6945 -4 4 0 1
6946 -4 5 0 1
3317 -4 6 0 1
3315 -4 7 0 1
3316 -4 8 0 1
4970 -3 1 2 1
4960 -3 2 2 1
4973 -3 2 9 1
3318 -3 6 0 1
4012 -3 7 0 1
3555 -3 7 2 1
3350 -3 9 4 1
4965 -2 1 5 1
3247 -2 2 0 1
3319 -2 6 0 1
