1 version Galven Watch
40 num components
1183 0 -9 0 1
1183 0 -8 0 1
1183 0 -7 0 1
1183 0 -6 0 1
1183 0 -5 0 1
1183 0 -4 0 1
1183 0 -3 0 1
1183 0 -2 0 1
1183 0 -1 0 1
1183 0 0 0 1
14089 0 -9 0 1
14089 0 -8 0 1
14089 0 -7 0 1
14089 0 -6 0 1
14089 0 -5 0 1
14089 0 -4 0 1
14089 0 -3 0 1
14089 0 -2 0 1
14089 0 -1 0 1
14089 0 0 0 1
8612 0 -9 0 1
8612 0 -8 0 1
8612 0 -7 0 1
8612 0 -6 0 1
8612 0 -5 0 1
8612 0 -4 0 1
8612 0 -3 0 1
8612 0 -2 0 1
8612 0 -1 0 1
8612 0 0 0 1
8610 0 -9 0 1
8610 0 -8 0 1
8610 0 -7 0 1
8610 0 -6 0 1
8610 0 -5 0 1
8610 0 -4 0 1
8610 0 -3 0 1
8610 0 -2 0 1
8610 0 -1 0 1
8610 0 0 0 1
