1 version Galven Watch
5747 num components
130 -4 -52 0 1
130 -4 -51 0 1
130 -4 -50 0 1
130 -4 -49 0 1
130 -4 -48 0 1
130 -4 -47 0 1
130 -4 -46 0 1
130 -4 -45 0 1
130 -4 -44 0 1
130 -4 -43 0 1
130 -4 -42 0 1
130 -4 -41 0 1
130 -4 -40 0 1
130 -3 -52 0 1
130 -2 -52 0 1
130 -1 -52 0 1
130 0 -52 0 1
130 1 -52 0 1
130 2 -52 0 1
130 3 -52 0 1
1183 -4 -52 0 1
1183 -4 -51 0 1
1183 -4 -50 0 1
1183 -4 -49 0 1
1183 -4 -48 0 1
1183 -4 -47 0 1
1183 -4 -46 0 1
1183 -4 -45 0 1
1183 -4 -44 0 1
1183 -4 -43 0 1
1183 -4 -42 0 1
1183 -4 -41 0 1
1183 -4 -40 0 1
1183 -3 -52 0 1
1183 -3 -51 0 1
1183 -3 -50 0 1
1183 -3 -49 0 1
1183 -3 -48 0 1
1183 -3 -47 0 1
1183 -3 -46 0 1
1183 -3 -45 0 1
1183 -3 -44 0 1
1183 -3 -43 0 1
1183 -3 -42 0 1
1183 -3 -41 0 1
1183 -3 -40 0 1
1183 -2 -52 0 1
1183 -2 -51 0 1
1183 -2 -50 0 1
1183 -2 -49 0 1
1183 -2 -48 0 1
1183 -2 -47 0 1
1183 -2 -46 0 1
1183 -2 -45 0 1
1183 -2 -44 0 1
1183 -2 -43 0 1
1183 -2 -42 0 1
1183 -2 -41 0 1
1183 -2 -40 0 1
1183 -1 -52 0 1
1183 -1 -51 0 1
1183 -1 -50 0 1
1183 -1 -49 0 1
1183 -1 -48 0 1
1183 -1 -47 0 1
1183 -1 -46 0 1
1183 -1 -45 0 1
1183 -1 -44 0 1
1183 -1 -43 0 1
1183 -1 -42 0 1
1183 -1 -41 0 1
1183 -1 -40 0 1
1183 0 -52 0 1
1183 0 -51 0 1
1183 0 -50 0 1
1183 0 -49 0 1
1183 0 -48 0 1
1183 0 -47 0 1
1183 0 -46 0 1
1183 0 -45 0 1
1183 0 -44 0 1
1183 0 -43 0 1
1183 0 -42 0 1
1183 0 -41 0 1
1183 0 -40 0 1
1183 1 -52 0 1
1183 1 -51 0 1
1183 1 -50 0 1
1183 1 -49 0 1
1183 1 -48 0 1
1183 1 -47 0 1
1183 1 -46 0 1
1183 1 -45 0 1
1183 1 -44 0 1
1183 1 -43 0 1
1183 1 -42 0 1
1183 1 -41 0 1
1183 1 -40 0 1
1183 2 -52 0 1
1183 2 -51 0 1
1183 2 -50 0 1
1183 2 -49 0 1
1183 2 -48 0 1
1183 2 -47 0 1
1183 2 -46 0 1
1183 2 -45 0 1
1183 2 -44 0 1
1183 2 -43 0 1
1183 2 -42 0 1
1183 2 -41 0 1
1183 2 -40 0 1
1183 3 -52 0 1
1183 3 -51 0 1
1183 3 -50 0 1
1183 3 -49 0 1
1183 3 -48 0 1
1183 3 -47 0 1
1183 3 -46 0 1
1183 3 -45 0 1
1183 3 -44 0 1
1183 3 -43 0 1
1183 3 -42 0 1
1183 3 -41 0 1
1183 3 -40 0 1
130 -4 -39 0 1
130 -4 -38 0 1
130 -4 -37 0 1
130 -4 -36 0 1
130 -4 -35 0 1
130 -4 -34 0 1
130 -4 -33 0 1
130 -4 -32 0 1
130 -4 -31 0 1
130 -4 -30 0 1
130 -4 -29 0 1
130 -4 -28 0 1
130 -4 -27 0 1
130 -4 -26 0 1
130 -4 -25 0 1
130 -4 -24 0 1
1183 -4 -39 0 1
1183 -4 -38 0 1
1183 -4 -37 0 1
1183 -4 -36 0 1
1183 -4 -35 0 1
1183 -4 -34 0 1
1183 -4 -33 0 1
1183 -4 -32 0 1
1183 -4 -31 0 1
1183 -4 -30 0 1
1183 -4 -29 0 1
1183 -4 -28 0 1
1183 -4 -27 0 1
1183 -4 -26 0 1
1183 -4 -25 0 1
1183 -4 -24 0 1
1183 -3 -39 0 1
1183 -3 -38 0 1
1183 -3 -37 0 1
1183 -3 -36 0 1
1183 -3 -35 0 1
1183 -3 -34 0 1
1183 -3 -33 0 1
1183 -3 -32 0 1
1183 -3 -31 0 1
1183 -3 -30 0 1
1183 -3 -29 0 1
1183 -3 -28 0 1
1183 -3 -27 0 1
1183 -3 -26 0 1
1183 -3 -25 0 1
1183 -3 -24 0 1
1183 -2 -39 0 1
1183 -2 -38 0 1
1183 -2 -37 0 1
1183 -2 -36 0 1
1183 -2 -35 0 1
1183 -2 -34 0 1
1183 -2 -33 0 1
1183 -2 -32 0 1
1183 -2 -31 0 1
1183 -2 -30 0 1
1183 -2 -29 0 1
1183 -2 -28 0 1
1183 -2 -27 0 1
1183 -2 -26 0 1
1183 -2 -25 0 1
1183 -2 -24 0 1
1183 -1 -39 0 1
1183 -1 -38 0 1
1183 -1 -37 0 1
1183 -1 -36 0 1
1183 -1 -35 0 1
1183 -1 -34 0 1
1183 -1 -33 0 1
1183 -1 -32 0 1
1183 -1 -31 0 1
1183 -1 -30 0 1
1183 -1 -29 0 1
1183 -1 -28 0 1
1183 -1 -27 0 1
1183 -1 -26 0 1
1183 -1 -25 0 1
1183 -1 -24 0 1
1183 0 -39 0 1
1183 0 -38 0 1
1183 0 -37 0 1
1183 0 -36 0 1
1183 0 -35 0 1
1183 0 -34 0 1
1183 0 -33 0 1
1183 0 -32 0 1
1183 0 -31 0 1
1183 0 -30 0 1
1183 0 -29 0 1
1183 0 -28 0 1
1183 0 -27 0 1
1183 0 -26 0 1
1183 0 -25 0 1
1183 0 -24 0 1
1183 1 -39 0 1
1183 1 -38 0 1
1183 1 -37 0 1
1183 1 -36 0 1
1183 1 -35 0 1
1183 1 -34 0 1
1183 1 -33 0 1
1183 1 -32 0 1
1183 1 -31 0 1
1183 1 -30 0 1
1183 1 -29 0 1
1183 1 -28 0 1
1183 1 -27 0 1
1183 1 -26 0 1
1183 1 -25 0 1
1183 1 -24 0 1
1183 2 -39 0 1
1183 2 -38 0 1
1183 2 -37 0 1
1183 2 -36 0 1
1183 2 -35 0 1
1183 2 -34 0 1
1183 2 -33 0 1
1183 2 -32 0 1
1183 2 -31 0 1
1183 2 -30 0 1
1183 2 -29 0 1
1183 2 -28 0 1
1183 2 -27 0 1
1183 2 -26 0 1
1183 2 -25 0 1
1183 2 -24 0 1
1183 3 -39 0 1
1183 3 -38 0 1
1183 3 -37 0 1
1183 3 -36 0 1
1183 3 -35 0 1
1183 3 -34 0 1
1183 3 -33 0 1
1183 3 -32 0 1
1183 3 -31 0 1
1183 3 -30 0 1
1183 3 -29 0 1
1183 3 -28 0 1
1183 3 -27 0 1
1183 3 -26 0 1
1183 3 -25 0 1
1183 3 -24 0 1
130 -4 -23 0 1
130 -4 -22 0 1
130 -4 -21 0 1
130 -4 -20 0 1
130 -4 -19 0 1
130 -4 -18 0 1
130 -4 -17 0 1
130 -4 -16 0 1
130 -4 -15 0 1
130 -4 -14 0 1
130 -4 -13 0 1
130 -4 -12 0 1
130 -4 -11 0 1
130 -4 -10 0 1
130 -4 -9 0 1
130 -4 -8 0 1
1183 -4 -23 0 1
1183 -4 -22 0 1
1183 -4 -21 0 1
1183 -4 -20 0 1
1183 -4 -19 0 1
1183 -4 -18 0 1
1183 -4 -17 0 1
1183 -4 -16 0 1
1183 -4 -15 0 1
1183 -4 -14 0 1
1183 -4 -13 0 1
1183 -4 -12 0 1
1183 -4 -11 0 1
1183 -4 -10 0 1
1183 -4 -9 0 1
1183 -4 -8 0 1
1183 -3 -23 0 1
1183 -3 -22 0 1
1183 -3 -21 0 1
1183 -3 -20 0 1
1183 -3 -19 0 1
1183 -3 -18 0 1
1183 -3 -17 0 1
1183 -3 -16 0 1
1183 -3 -15 0 1
1183 -3 -14 0 1
1183 -3 -13 0 1
1183 -3 -12 0 1
1183 -3 -11 0 1
1183 -3 -10 0 1
1183 -3 -9 0 1
1183 -3 -8 0 1
1183 -2 -23 0 1
1183 -2 -22 0 1
1183 -2 -21 0 1
1183 -2 -20 0 1
1183 -2 -19 0 1
1183 -2 -18 0 1
1183 -2 -17 0 1
1183 -2 -16 0 1
1183 -2 -15 0 1
1183 -2 -14 0 1
1183 -2 -13 0 1
1183 -2 -12 0 1
1183 -2 -11 0 1
1183 -2 -10 0 1
1183 -2 -9 0 1
1183 -2 -8 0 1
1183 -1 -23 0 1
1183 -1 -22 0 1
1183 -1 -21 0 1
1183 -1 -20 0 1
1183 -1 -19 0 1
1183 -1 -18 0 1
1183 -1 -17 0 1
1183 -1 -16 0 1
1183 -1 -15 0 1
1183 -1 -14 0 1
1183 -1 -13 0 1
1183 -1 -12 0 1
1183 -1 -11 0 1
1183 -1 -10 0 1
1183 -1 -9 0 1
1183 -1 -8 0 1
1183 0 -23 0 1
1183 0 -22 0 1
1183 0 -21 0 1
1183 0 -20 0 1
1183 0 -19 0 1
1183 0 -18 0 1
1183 0 -17 0 1
1183 0 -16 0 1
1183 0 -15 0 1
1183 0 -14 0 1
1183 0 -13 0 1
1183 0 -12 0 1
1183 0 -11 0 1
1183 0 -10 0 1
1183 0 -9 0 1
1183 0 -8 0 1
1183 1 -23 0 1
1183 1 -22 0 1
1183 1 -21 0 1
1183 1 -20 0 1
1183 1 -19 0 1
1183 1 -18 0 1
1183 1 -17 0 1
1183 1 -16 0 1
1183 1 -15 0 1
1183 1 -14 0 1
1183 1 -13 0 1
1183 1 -12 0 1
1183 1 -11 0 1
1183 1 -10 0 1
1183 1 -9 0 1
1183 1 -8 0 1
1183 2 -23 0 1
1183 2 -22 0 1
1183 2 -21 0 1
1183 2 -20 0 1
1183 2 -19 0 1
1183 2 -18 0 1
1183 2 -17 0 1
1183 2 -16 0 1
1183 2 -15 0 1
1183 2 -14 0 1
1183 2 -13 0 1
1183 2 -12 0 1
1183 2 -11 0 1
1183 2 -10 0 1
1183 2 -9 0 1
1183 2 -8 0 1
1183 3 -23 0 1
1183 3 -22 0 1
1183 3 -21 0 1
1183 3 -20 0 1
1183 3 -19 0 1
1183 3 -18 0 1
1183 3 -17 0 1
1183 3 -16 0 1
1183 3 -15 0 1
1183 3 -14 0 1
1183 3 -13 0 1
1183 3 -12 0 1
1183 3 -11 0 1
1183 3 -10 0 1
1183 3 -9 0 1
1183 3 -8 0 1
130 -4 -2 0 1
130 -3 -2 0 1
130 -2 -2 0 1
130 -1 -2 0 1
130 0 -2 0 1
130 1 -2 0 1
130 2 -2 0 1
130 3 -2 0 1
130 -4 -7 0 1
130 -4 -6 0 1
130 -4 -5 0 1
130 -4 -4 0 1
130 -4 -3 0 1
130 -4 -2 0 1
1183 -4 -7 0 1
1183 -4 -6 0 1
1183 -4 -5 0 1
1183 -4 -4 0 1
1183 -4 -3 0 1
1183 -4 -2 0 1
1183 -3 -7 0 1
1183 -3 -6 0 1
1183 -3 -5 0 1
1183 -3 -4 0 1
1183 -3 -3 0 1
1183 -3 -2 0 1
1183 -2 -7 0 1
1183 -2 -6 0 1
1183 -2 -5 0 1
1183 -2 -4 0 1
1183 -2 -3 0 1
1183 -2 -2 0 1
1183 -1 -7 0 1
1183 -1 -6 0 1
1183 -1 -5 0 1
1183 -1 -4 0 1
1183 -1 -3 0 1
1183 -1 -2 0 1
1183 0 -7 0 1
1183 0 -6 0 1
1183 0 -5 0 1
1183 0 -4 0 1
1183 0 -3 0 1
1183 0 -2 0 1
1183 1 -7 0 1
1183 1 -6 0 1
1183 1 -5 0 1
1183 1 -4 0 1
1183 1 -3 0 1
1183 1 -2 0 1
1183 2 -7 0 1
1183 2 -6 0 1
1183 2 -5 0 1
1183 2 -4 0 1
1183 2 -3 0 1
1183 2 -2 0 1
1183 3 -7 0 1
1183 3 -6 0 1
1183 3 -5 0 1
1183 3 -4 0 1
1183 3 -3 0 1
1183 3 -2 0 1
130 4 -52 0 1
130 5 -52 0 1
130 6 -52 0 1
130 7 -52 0 1
130 8 -52 0 1
130 9 -52 0 1
130 10 -52 0 1
130 11 -52 0 1
130 12 -52 0 1
130 13 -52 0 1
130 14 -52 0 1
130 15 -52 0 1
130 16 -52 0 1
130 17 -52 0 1
130 18 -52 0 1
130 19 -52 0 1
1183 4 -52 0 1
1183 4 -51 0 1
1183 4 -50 0 1
1183 4 -49 0 1
1183 4 -48 0 1
1183 4 -47 0 1
1183 4 -46 0 1
1183 4 -45 0 1
1183 4 -44 0 1
1183 4 -43 0 1
1183 4 -42 0 1
1183 4 -41 0 1
1183 4 -40 0 1
1183 5 -52 0 1
1183 5 -51 0 1
1183 5 -50 0 1
1183 5 -49 0 1
1183 5 -48 0 1
1183 5 -47 0 1
1183 5 -46 0 1
1183 5 -45 0 1
1183 5 -44 0 1
1183 5 -43 0 1
1183 5 -42 0 1
1183 5 -41 0 1
1183 5 -40 0 1
1183 6 -52 0 1
1183 6 -51 0 1
1183 6 -50 0 1
1183 6 -49 0 1
1183 6 -48 0 1
1183 6 -47 0 1
1183 6 -46 0 1
1183 6 -45 0 1
1183 6 -44 0 1
1183 6 -43 0 1
1183 6 -42 0 1
1183 6 -41 0 1
1183 6 -40 0 1
1183 7 -52 0 1
1183 7 -51 0 1
1183 7 -50 0 1
1183 7 -49 0 1
1183 7 -48 0 1
1183 7 -47 0 1
1183 7 -46 0 1
1183 7 -45 0 1
1183 7 -44 0 1
1183 7 -43 0 1
1183 7 -42 0 1
1183 7 -41 0 1
1183 7 -40 0 1
1183 8 -52 0 1
1183 8 -51 0 1
1183 8 -50 0 1
1183 8 -49 0 1
1183 8 -48 0 1
1183 8 -47 0 1
1183 8 -46 0 1
1183 8 -45 0 1
1183 8 -44 0 1
1183 8 -43 0 1
1183 8 -42 0 1
1183 8 -41 0 1
1183 8 -40 0 1
1183 9 -52 0 1
1183 9 -51 0 1
1183 9 -50 0 1
1183 9 -49 0 1
1183 9 -48 0 1
1183 9 -47 0 1
1183 9 -46 0 1
1183 9 -45 0 1
1183 9 -44 0 1
1183 9 -43 0 1
1183 9 -42 0 1
1183 9 -41 0 1
1183 9 -40 0 1
1183 10 -52 0 1
1183 10 -51 0 1
1183 10 -50 0 1
1183 10 -49 0 1
1183 10 -48 0 1
1183 10 -47 0 1
1183 10 -46 0 1
1183 10 -45 0 1
1183 10 -44 0 1
1183 10 -43 0 1
1183 10 -42 0 1
1183 10 -41 0 1
1183 10 -40 0 1
1183 11 -52 0 1
1183 11 -51 0 1
1183 11 -50 0 1
1183 11 -49 0 1
1183 11 -48 0 1
1183 11 -47 0 1
1183 11 -46 0 1
1183 11 -45 0 1
1183 11 -44 0 1
1183 11 -43 0 1
1183 11 -42 0 1
1183 11 -41 0 1
1183 11 -40 0 1
1183 12 -52 0 1
1183 12 -51 0 1
1183 12 -50 0 1
1183 12 -49 0 1
1183 12 -48 0 1
1183 12 -47 0 1
1183 12 -46 0 1
1183 12 -45 0 1
1183 12 -44 0 1
1183 12 -43 0 1
1183 12 -42 0 1
1183 12 -41 0 1
1183 12 -40 0 1
1183 13 -52 0 1
1183 13 -51 0 1
1183 13 -50 0 1
1183 13 -49 0 1
1183 13 -48 0 1
1183 13 -47 0 1
1183 13 -46 0 1
1183 13 -45 0 1
1183 13 -44 0 1
1183 13 -43 0 1
1183 13 -42 0 1
1183 13 -41 0 1
1183 13 -40 0 1
1183 14 -52 0 1
1183 14 -51 0 1
1183 14 -50 0 1
1183 14 -49 0 1
1183 14 -48 0 1
1183 14 -47 0 1
1183 14 -46 0 1
1183 14 -45 0 1
1183 14 -44 0 1
1183 14 -43 0 1
1183 14 -42 0 1
1183 14 -41 0 1
1183 14 -40 0 1
1183 15 -52 0 1
1183 15 -51 0 1
1183 15 -50 0 1
1183 15 -49 0 1
1183 15 -48 0 1
1183 15 -47 0 1
1183 15 -46 0 1
1183 15 -45 0 1
1183 15 -44 0 1
1183 15 -43 0 1
1183 15 -42 0 1
1183 15 -41 0 1
1183 15 -40 0 1
1183 16 -52 0 1
1183 16 -51 0 1
1183 16 -50 0 1
1183 16 -49 0 1
1183 16 -48 0 1
1183 16 -47 0 1
1183 16 -46 0 1
1183 16 -45 0 1
1183 16 -44 0 1
1183 16 -43 0 1
1183 16 -42 0 1
1183 16 -41 0 1
1183 16 -40 0 1
1183 17 -52 0 1
1183 17 -51 0 1
1183 17 -50 0 1
1183 17 -49 0 1
1183 17 -48 0 1
1183 17 -47 0 1
1183 17 -46 0 1
1183 17 -45 0 1
1183 17 -44 0 1
1183 17 -43 0 1
1183 17 -42 0 1
1183 17 -41 0 1
1183 17 -40 0 1
1183 18 -52 0 1
1183 18 -51 0 1
1183 18 -50 0 1
1183 18 -49 0 1
1183 18 -48 0 1
1183 18 -47 0 1
1183 18 -46 0 1
1183 18 -45 0 1
1183 18 -44 0 1
1183 18 -43 0 1
1183 18 -42 0 1
1183 18 -41 0 1
1183 18 -40 0 1
1183 19 -52 0 1
1183 19 -51 0 1
1183 19 -50 0 1
1183 19 -49 0 1
1183 19 -48 0 1
1183 19 -47 0 1
1183 19 -46 0 1
1183 19 -45 0 1
1183 19 -44 0 1
1183 19 -43 0 1
1183 19 -42 0 1
1183 19 -41 0 1
1183 19 -40 0 1
1183 4 -39 0 1
1183 4 -38 0 1
1183 4 -37 0 1
1183 4 -36 0 1
1183 4 -35 0 1
1183 4 -34 0 1
1183 4 -33 0 1
1183 4 -32 0 1
1183 4 -31 0 1
1183 4 -30 0 1
1183 4 -29 0 1
1183 4 -28 0 1
1183 4 -27 0 1
1183 4 -26 0 1
1183 4 -25 0 1
1183 4 -24 0 1
1183 5 -39 0 1
1183 5 -38 0 1
1183 5 -37 0 1
1183 5 -36 0 1
1183 5 -35 0 1
1183 5 -34 0 1
1183 5 -33 0 1
1183 5 -32 0 1
1183 5 -31 0 1
1183 5 -30 0 1
1183 5 -29 0 1
1183 5 -28 0 1
1183 5 -27 0 1
1183 5 -26 0 1
1183 5 -25 0 1
1183 5 -24 0 1
1183 6 -39 0 1
1183 6 -38 0 1
1183 6 -37 0 1
1183 6 -36 0 1
1183 6 -35 0 1
1183 6 -34 0 1
1183 6 -33 0 1
1183 6 -32 0 1
1183 6 -31 0 1
1183 6 -30 0 1
1183 6 -29 0 1
1183 6 -28 0 1
1183 6 -27 0 1
1183 6 -26 0 1
1183 6 -25 0 1
1183 6 -24 0 1
1183 7 -39 0 1
1183 7 -38 0 1
1183 7 -37 0 1
1183 7 -36 0 1
1183 7 -35 0 1
1183 7 -34 0 1
1183 7 -33 0 1
1183 7 -32 0 1
1183 7 -31 0 1
1183 7 -30 0 1
1183 7 -29 0 1
1183 7 -28 0 1
1183 7 -27 0 1
1183 7 -26 0 1
1183 7 -25 0 1
1183 7 -24 0 1
1183 8 -39 0 1
1183 8 -38 0 1
1183 8 -37 0 1
1183 8 -36 0 1
1183 8 -35 0 1
1183 8 -34 0 1
1183 8 -33 0 1
1183 8 -32 0 1
1183 8 -31 0 1
1183 8 -30 0 1
1183 8 -29 0 1
1183 8 -28 0 1
1183 8 -27 0 1
1183 8 -26 0 1
1183 8 -25 0 1
1183 8 -24 0 1
1183 9 -39 0 1
1183 9 -38 0 1
1183 9 -37 0 1
1183 9 -36 0 1
1183 9 -35 0 1
1183 9 -34 0 1
1183 9 -33 0 1
1183 9 -32 0 1
1183 9 -31 0 1
1183 9 -30 0 1
1183 9 -29 0 1
1183 9 -28 0 1
1183 9 -27 0 1
1183 9 -26 0 1
1183 9 -25 0 1
1183 9 -24 0 1
1183 10 -39 0 1
1183 10 -38 0 1
1183 10 -37 0 1
1183 10 -36 0 1
1183 10 -35 0 1
1183 10 -34 0 1
1183 10 -33 0 1
1183 10 -32 0 1
1183 10 -31 0 1
1183 10 -30 0 1
1183 10 -29 0 1
1183 10 -28 0 1
1183 10 -27 0 1
1183 10 -26 0 1
1183 10 -25 0 1
1183 10 -24 0 1
1183 11 -39 0 1
1183 11 -38 0 1
1183 11 -37 0 1
1183 11 -36 0 1
1183 11 -35 0 1
1183 11 -34 0 1
1183 11 -33 0 1
1183 11 -32 0 1
1183 11 -31 0 1
1183 11 -30 0 1
1183 11 -29 0 1
1183 11 -28 0 1
1183 11 -27 0 1
1183 11 -26 0 1
1183 11 -25 0 1
1183 11 -24 0 1
1183 12 -39 0 1
1183 12 -38 0 1
1183 12 -37 0 1
1183 12 -36 0 1
1183 12 -35 0 1
1183 12 -34 0 1
1183 12 -33 0 1
1183 12 -32 0 1
1183 12 -31 0 1
1183 12 -30 0 1
1183 12 -29 0 1
1183 12 -28 0 1
1183 12 -27 0 1
1183 12 -26 0 1
1183 12 -25 0 1
1183 12 -24 0 1
1183 13 -39 0 1
1183 13 -38 0 1
1183 13 -37 0 1
1183 13 -36 0 1
1183 13 -35 0 1
1183 13 -34 0 1
1183 13 -33 0 1
1183 13 -32 0 1
1183 13 -31 0 1
1183 13 -30 0 1
1183 13 -29 0 1
1183 13 -28 0 1
1183 13 -27 0 1
1183 13 -26 0 1
1183 13 -25 0 1
1183 13 -24 0 1
1183 14 -39 0 1
1183 14 -38 0 1
1183 14 -37 0 1
1183 14 -36 0 1
1183 14 -35 0 1
1183 14 -34 0 1
1183 14 -33 0 1
1183 14 -32 0 1
1183 14 -31 0 1
1183 14 -30 0 1
1183 14 -29 0 1
1183 14 -28 0 1
1183 14 -27 0 1
1183 14 -26 0 1
1183 14 -25 0 1
1183 14 -24 0 1
1183 15 -39 0 1
1183 15 -38 0 1
1183 15 -37 0 1
1183 15 -36 0 1
1183 15 -35 0 1
1183 15 -34 0 1
1183 15 -33 0 1
1183 15 -32 0 1
1183 15 -31 0 1
1183 15 -30 0 1
1183 15 -29 0 1
1183 15 -28 0 1
1183 15 -27 0 1
1183 15 -26 0 1
1183 15 -25 0 1
1183 15 -24 0 1
1183 16 -39 0 1
1183 16 -38 0 1
1183 16 -37 0 1
1183 16 -36 0 1
1183 16 -35 0 1
1183 16 -34 0 1
1183 16 -33 0 1
1183 16 -32 0 1
1183 16 -31 0 1
1183 16 -30 0 1
1183 16 -29 0 1
1183 16 -28 0 1
1183 16 -27 0 1
1183 16 -26 0 1
1183 16 -25 0 1
1183 16 -24 0 1
1183 17 -39 0 1
1183 17 -38 0 1
1183 17 -37 0 1
1183 17 -36 0 1
1183 17 -35 0 1
1183 17 -34 0 1
1183 17 -33 0 1
1183 17 -32 0 1
1183 17 -31 0 1
1183 17 -30 0 1
1183 17 -29 0 1
1183 17 -28 0 1
1183 17 -27 0 1
1183 17 -26 0 1
1183 17 -25 0 1
1183 17 -24 0 1
1183 18 -39 0 1
1183 18 -38 0 1
1183 18 -37 0 1
1183 18 -36 0 1
1183 18 -35 0 1
1183 18 -34 0 1
1183 18 -33 0 1
1183 18 -32 0 1
1183 18 -31 0 1
1183 18 -30 0 1
1183 18 -29 0 1
1183 18 -28 0 1
1183 18 -27 0 1
1183 18 -26 0 1
1183 18 -25 0 1
1183 18 -24 0 1
1183 19 -39 0 1
1183 19 -38 0 1
1183 19 -37 0 1
1183 19 -36 0 1
1183 19 -35 0 1
1183 19 -34 0 1
1183 19 -33 0 1
1183 19 -32 0 1
1183 19 -31 0 1
1183 19 -30 0 1
1183 19 -29 0 1
1183 19 -28 0 1
1183 19 -27 0 1
1183 19 -26 0 1
1183 19 -25 0 1
1183 19 -24 0 1
1183 4 -23 0 1
1183 4 -22 0 1
1183 4 -21 0 1
1183 4 -20 0 1
1183 4 -19 0 1
1183 4 -18 0 1
1183 4 -17 0 1
1183 4 -16 0 1
1183 4 -15 0 1
1183 4 -14 0 1
1183 4 -13 0 1
1183 4 -12 0 1
1183 4 -11 0 1
1183 4 -10 0 1
1183 4 -9 0 1
1183 4 -8 0 1
1183 5 -23 0 1
1183 5 -22 0 1
1183 5 -21 0 1
1183 5 -20 0 1
1183 5 -19 0 1
1183 5 -18 0 1
1183 5 -17 0 1
1183 5 -16 0 1
1183 5 -15 0 1
1183 5 -14 0 1
1183 5 -13 0 1
1183 5 -12 0 1
1183 5 -11 0 1
1183 5 -10 0 1
1183 5 -9 0 1
1183 5 -8 0 1
1183 6 -23 0 1
1183 6 -22 0 1
1183 6 -21 0 1
1183 6 -20 0 1
1183 6 -19 0 1
1183 6 -18 0 1
1183 6 -17 0 1
1183 6 -16 0 1
1183 6 -15 0 1
1183 6 -14 0 1
1183 6 -13 0 1
1183 6 -12 0 1
1183 6 -11 0 1
1183 6 -10 0 1
1183 6 -9 0 1
1183 6 -8 0 1
1183 7 -23 0 1
1183 7 -22 0 1
1183 7 -21 0 1
1183 7 -20 0 1
1183 7 -19 0 1
1183 7 -18 0 1
1183 7 -17 0 1
1183 7 -16 0 1
1183 7 -15 0 1
1183 7 -14 0 1
1183 7 -13 0 1
1183 7 -12 0 1
1183 7 -11 0 1
1183 7 -10 0 1
1183 7 -9 0 1
1183 7 -8 0 1
1183 8 -23 0 1
1183 8 -22 0 1
1183 8 -21 0 1
1183 8 -20 0 1
1183 8 -19 0 1
1183 8 -18 0 1
1183 8 -17 0 1
1183 8 -16 0 1
1183 8 -15 0 1
1183 8 -14 0 1
1183 8 -13 0 1
1183 8 -12 0 1
1183 8 -11 0 1
1183 8 -10 0 1
1183 8 -9 0 1
1183 8 -8 0 1
1183 9 -23 0 1
1183 9 -22 0 1
1183 9 -21 0 1
1183 9 -20 0 1
1183 9 -19 0 1
1183 9 -18 0 1
1183 9 -17 0 1
1183 9 -16 0 1
1183 9 -15 0 1
1183 9 -14 0 1
1183 9 -13 0 1
1183 9 -12 0 1
1183 9 -11 0 1
1183 9 -10 0 1
1183 9 -9 0 1
1183 9 -8 0 1
1183 10 -23 0 1
1183 10 -22 0 1
1183 10 -21 0 1
1183 10 -20 0 1
1183 10 -19 0 1
1183 10 -18 0 1
1183 10 -17 0 1
1183 10 -16 0 1
1183 10 -15 0 1
1183 10 -14 0 1
1183 10 -13 0 1
1183 10 -12 0 1
1183 10 -11 0 1
1183 10 -10 0 1
1183 10 -9 0 1
1183 10 -8 0 1
1183 11 -23 0 1
1183 11 -22 0 1
1183 11 -21 0 1
1183 11 -20 0 1
1183 11 -19 0 1
1183 11 -18 0 1
1183 11 -17 0 1
1183 11 -16 0 1
1183 11 -15 0 1
1183 11 -14 0 1
1183 11 -13 0 1
1183 11 -12 0 1
1183 11 -11 0 1
1183 11 -10 0 1
1183 11 -9 0 1
1183 11 -8 0 1
1183 12 -23 0 1
1183 12 -22 0 1
1183 12 -21 0 1
1183 12 -20 0 1
1183 12 -19 0 1
1183 12 -18 0 1
1183 12 -17 0 1
1183 12 -16 0 1
1183 12 -15 0 1
1183 12 -14 0 1
1183 12 -13 0 1
1183 12 -12 0 1
1183 12 -11 0 1
1183 12 -10 0 1
1183 12 -9 0 1
1183 12 -8 0 1
1183 13 -23 0 1
1183 13 -22 0 1
1183 13 -21 0 1
1183 13 -20 0 1
1183 13 -19 0 1
1183 13 -18 0 1
1183 13 -17 0 1
1183 13 -16 0 1
1183 13 -15 0 1
1183 13 -14 0 1
1183 13 -13 0 1
1183 13 -12 0 1
1183 13 -11 0 1
1183 13 -10 0 1
1183 13 -9 0 1
1183 13 -8 0 1
1183 14 -23 0 1
1183 14 -22 0 1
1183 14 -21 0 1
1183 14 -20 0 1
1183 14 -19 0 1
1183 14 -18 0 1
1183 14 -17 0 1
1183 14 -16 0 1
1183 14 -15 0 1
1183 14 -14 0 1
1183 14 -13 0 1
1183 14 -12 0 1
1183 14 -11 0 1
1183 14 -10 0 1
1183 14 -9 0 1
1183 14 -8 0 1
1183 15 -23 0 1
1183 15 -22 0 1
1183 15 -21 0 1
1183 15 -20 0 1
1183 15 -19 0 1
1183 15 -18 0 1
1183 15 -17 0 1
1183 15 -16 0 1
1183 15 -15 0 1
1183 15 -14 0 1
1183 15 -13 0 1
1183 15 -12 0 1
1183 15 -11 0 1
1183 15 -10 0 1
1183 15 -9 0 1
1183 15 -8 0 1
1183 16 -23 0 1
1183 16 -22 0 1
1183 16 -21 0 1
1183 16 -20 0 1
1183 16 -19 0 1
1183 16 -18 0 1
1183 16 -17 0 1
1183 16 -16 0 1
1183 16 -15 0 1
1183 16 -14 0 1
1183 16 -13 0 1
1183 16 -12 0 1
1183 16 -11 0 1
1183 16 -10 0 1
1183 16 -9 0 1
1183 16 -8 0 1
1183 17 -23 0 1
1183 17 -22 0 1
1183 17 -21 0 1
1183 17 -20 0 1
1183 17 -19 0 1
1183 17 -18 0 1
1183 17 -17 0 1
1183 17 -16 0 1
1183 17 -15 0 1
1183 17 -14 0 1
1183 17 -13 0 1
1183 17 -12 0 1
1183 17 -11 0 1
1183 17 -10 0 1
1183 17 -9 0 1
1183 17 -8 0 1
1183 18 -23 0 1
1183 18 -22 0 1
1183 18 -21 0 1
1183 18 -20 0 1
1183 18 -19 0 1
1183 18 -18 0 1
1183 18 -17 0 1
1183 18 -16 0 1
1183 18 -15 0 1
1183 18 -14 0 1
1183 18 -13 0 1
1183 18 -12 0 1
1183 18 -11 0 1
1183 18 -10 0 1
1183 18 -9 0 1
1183 18 -8 0 1
1183 19 -23 0 1
1183 19 -22 0 1
1183 19 -21 0 1
1183 19 -20 0 1
1183 19 -19 0 1
1183 19 -18 0 1
1183 19 -17 0 1
1183 19 -16 0 1
1183 19 -15 0 1
1183 19 -14 0 1
1183 19 -13 0 1
1183 19 -12 0 1
1183 19 -11 0 1
1183 19 -10 0 1
1183 19 -9 0 1
1183 19 -8 0 1
130 4 -2 0 1
130 5 -2 0 1
130 6 -2 0 1
130 7 -2 0 1
130 8 -2 0 1
130 9 -2 0 1
130 10 -2 0 1
130 11 -2 0 1
130 12 -2 0 1
130 13 -2 0 1
130 14 -2 0 1
130 15 -2 0 1
130 16 -2 0 1
130 17 -2 0 1
130 18 -2 0 1
130 19 -2 0 1
1183 4 -7 0 1
1183 4 -6 0 1
1183 4 -5 0 1
1183 4 -4 0 1
1183 4 -3 0 1
1183 4 -2 0 1
1183 5 -7 0 1
1183 5 -6 0 1
1183 5 -5 0 1
1183 5 -4 0 1
1183 5 -3 0 1
1183 5 -2 0 1
1183 6 -7 0 1
1183 6 -6 0 1
1183 6 -5 0 1
1183 6 -4 0 1
1183 6 -3 0 1
1183 6 -2 0 1
1183 7 -7 0 1
1183 7 -6 0 1
1183 7 -5 0 1
1183 7 -4 0 1
1183 7 -3 0 1
1183 7 -2 0 1
1183 8 -7 0 1
1183 8 -6 0 1
1183 8 -5 0 1
1183 8 -4 0 1
1183 8 -3 0 1
1183 8 -2 0 1
1183 9 -7 0 1
1183 9 -6 0 1
1183 9 -5 0 1
1183 9 -4 0 1
1183 9 -3 0 1
1183 9 -2 0 1
1183 10 -7 0 1
1183 10 -6 0 1
1183 10 -5 0 1
1183 10 -4 0 1
1183 10 -3 0 1
1183 10 -2 0 1
1183 11 -7 0 1
1183 11 -6 0 1
1183 11 -5 0 1
1183 11 -4 0 1
1183 11 -3 0 1
1183 11 -2 0 1
1183 12 -7 0 1
1183 12 -6 0 1
1183 12 -5 0 1
1183 12 -4 0 1
1183 12 -3 0 1
1183 12 -2 0 1
1183 13 -7 0 1
1183 13 -6 0 1
1183 13 -5 0 1
1183 13 -4 0 1
1183 13 -3 0 1
1183 13 -2 0 1
1183 14 -7 0 1
1183 14 -6 0 1
1183 14 -5 0 1
1183 14 -4 0 1
1183 14 -3 0 1
1183 14 -2 0 1
1183 15 -7 0 1
1183 15 -6 0 1
1183 15 -5 0 1
1183 15 -4 0 1
1183 15 -3 0 1
1183 15 -2 0 1
1183 16 -7 0 1
1183 16 -6 0 1
1183 16 -5 0 1
1183 16 -4 0 1
1183 16 -3 0 1
1183 16 -2 0 1
1183 17 -7 0 1
1183 17 -6 0 1
1183 17 -5 0 1
1183 17 -4 0 1
1183 17 -3 0 1
1183 17 -2 0 1
1183 18 -7 0 1
1183 18 -6 0 1
1183 18 -5 0 1
1183 18 -4 0 1
1183 18 -3 0 1
1183 18 -2 0 1
1183 19 -7 0 1
1183 19 -6 0 1
1183 19 -5 0 1
1183 19 -4 0 1
1183 19 -3 0 1
1183 19 -2 0 1
130 20 -52 0 1
130 21 -52 0 1
130 22 -52 0 1
130 23 -52 0 1
130 24 -52 0 1
130 25 -52 0 1
130 26 -52 0 1
130 27 -52 0 1
130 28 -52 0 1
130 29 -52 0 1
130 30 -52 0 1
130 31 -52 0 1
130 32 -52 0 1
130 33 -52 0 1
130 34 -52 0 1
130 35 -52 0 1
1183 20 -52 0 1
1183 20 -51 0 1
1183 20 -50 0 1
1183 20 -49 0 1
1183 20 -48 0 1
1183 20 -47 0 1
1183 20 -46 0 1
1183 20 -45 0 1
1183 20 -44 0 1
1183 20 -43 0 1
1183 20 -42 0 1
1183 20 -41 0 1
1183 20 -40 0 1
1183 21 -52 0 1
1183 21 -51 0 1
1183 21 -50 0 1
1183 21 -49 0 1
1183 21 -48 0 1
1183 21 -47 0 1
1183 21 -46 0 1
1183 21 -45 0 1
1183 21 -44 0 1
1183 21 -43 0 1
1183 21 -42 0 1
1183 21 -41 0 1
1183 21 -40 0 1
1183 22 -52 0 1
1183 22 -51 0 1
1183 22 -50 0 1
1183 22 -49 0 1
1183 22 -48 0 1
1183 22 -47 0 1
1183 22 -46 0 1
1183 22 -45 0 1
1183 22 -44 0 1
1183 22 -43 0 1
1183 22 -42 0 1
1183 22 -41 0 1
1183 22 -40 0 1
1183 23 -52 0 1
1183 23 -51 0 1
1183 23 -50 0 1
1183 23 -49 0 1
1183 23 -48 0 1
1183 23 -47 0 1
1183 23 -46 0 1
1183 23 -45 0 1
1183 23 -44 0 1
1183 23 -43 0 1
1183 23 -42 0 1
1183 23 -41 0 1
1183 23 -40 0 1
1183 24 -52 0 1
1183 24 -51 0 1
1183 24 -50 0 1
1183 24 -49 0 1
1183 24 -48 0 1
1183 24 -47 0 1
1183 24 -46 0 1
1183 24 -45 0 1
1183 24 -44 0 1
1183 24 -43 0 1
1183 24 -42 0 1
1183 24 -41 0 1
1183 24 -40 0 1
1183 25 -52 0 1
1183 25 -51 0 1
1183 25 -50 0 1
1183 25 -49 0 1
1183 25 -48 0 1
1183 25 -47 0 1
1183 25 -46 0 1
1183 25 -45 0 1
1183 25 -44 0 1
1183 25 -43 0 1
1183 25 -42 0 1
1183 25 -41 0 1
1183 25 -40 0 1
1183 26 -52 0 1
1183 26 -51 0 1
1183 26 -50 0 1
1183 26 -49 0 1
1183 26 -48 0 1
1183 26 -47 0 1
1183 26 -46 0 1
1183 26 -45 0 1
1183 26 -44 0 1
1183 26 -43 0 1
1183 26 -42 0 1
1183 26 -41 0 1
1183 26 -40 0 1
1183 27 -52 0 1
1183 27 -51 0 1
1183 27 -50 0 1
1183 27 -49 0 1
1183 27 -48 0 1
1183 27 -47 0 1
1183 27 -46 0 1
1183 27 -45 0 1
1183 27 -44 0 1
1183 27 -43 0 1
1183 27 -42 0 1
1183 27 -41 0 1
1183 27 -40 0 1
1183 28 -52 0 1
1183 28 -51 0 1
1183 28 -50 0 1
1183 28 -49 0 1
1183 28 -48 0 1
1183 28 -47 0 1
1183 28 -46 0 1
1183 28 -45 0 1
1183 28 -44 0 1
1183 28 -43 0 1
1183 28 -42 0 1
1183 28 -41 0 1
1183 28 -40 0 1
1183 29 -52 0 1
1183 29 -51 0 1
1183 29 -50 0 1
1183 29 -49 0 1
1183 29 -48 0 1
1183 29 -47 0 1
1183 29 -46 0 1
1183 29 -45 0 1
1183 29 -44 0 1
1183 29 -43 0 1
1183 29 -42 0 1
1183 29 -41 0 1
1183 29 -40 0 1
1183 30 -52 0 1
1183 30 -51 0 1
1183 30 -50 0 1
1183 30 -49 0 1
1183 30 -48 0 1
1183 30 -47 0 1
1183 30 -46 0 1
1183 30 -45 0 1
1183 30 -44 0 1
1183 30 -43 0 1
1183 30 -42 0 1
1183 30 -41 0 1
1183 30 -40 0 1
1183 31 -52 0 1
1183 31 -51 0 1
1183 31 -50 0 1
1183 31 -49 0 1
1183 31 -48 0 1
1183 31 -47 0 1
1183 31 -46 0 1
1183 31 -45 0 1
1183 31 -44 0 1
1183 31 -43 0 1
1183 31 -42 0 1
1183 31 -41 0 1
1183 31 -40 0 1
1183 32 -52 0 1
1183 32 -51 0 1
1183 32 -50 0 1
1183 32 -49 0 1
1183 32 -48 0 1
1183 32 -47 0 1
1183 32 -46 0 1
1183 32 -45 0 1
1183 32 -44 0 1
1183 32 -43 0 1
1183 32 -42 0 1
1183 32 -41 0 1
1183 32 -40 0 1
1183 33 -52 0 1
1183 33 -51 0 1
1183 33 -50 0 1
1183 33 -49 0 1
1183 33 -48 0 1
1183 33 -47 0 1
1183 33 -46 0 1
1183 33 -45 0 1
1183 33 -44 0 1
1183 33 -43 0 1
1183 33 -42 0 1
1183 33 -41 0 1
1183 33 -40 0 1
1183 34 -52 0 1
1183 34 -51 0 1
1183 34 -50 0 1
1183 34 -49 0 1
1183 34 -48 0 1
1183 34 -47 0 1
1183 34 -46 0 1
1183 34 -45 0 1
1183 34 -44 0 1
1183 34 -43 0 1
1183 34 -42 0 1
1183 34 -41 0 1
1183 34 -40 0 1
1183 35 -52 0 1
1183 35 -51 0 1
1183 35 -50 0 1
1183 35 -49 0 1
1183 35 -48 0 1
1183 35 -47 0 1
1183 35 -46 0 1
1183 35 -45 0 1
1183 35 -44 0 1
1183 35 -43 0 1
1183 35 -42 0 1
1183 35 -41 0 1
1183 35 -40 0 1
1183 20 -39 0 1
1183 20 -38 0 1
1183 20 -37 0 1
1183 20 -36 0 1
1183 20 -35 0 1
1183 20 -34 0 1
1183 20 -33 0 1
1183 20 -32 0 1
1183 20 -31 0 1
1183 20 -30 0 1
1183 20 -29 0 1
1183 20 -28 0 1
1183 20 -27 0 1
1183 20 -26 0 1
1183 20 -25 0 1
1183 20 -24 0 1
1183 21 -39 0 1
1183 21 -38 0 1
1183 21 -37 0 1
1183 21 -36 0 1
1183 21 -35 0 1
1183 21 -34 0 1
1183 21 -33 0 1
1183 21 -32 0 1
1183 21 -31 0 1
1183 21 -30 0 1
1183 21 -29 0 1
1183 21 -28 0 1
1183 21 -27 0 1
1183 21 -26 0 1
1183 21 -25 0 1
1183 21 -24 0 1
1183 22 -39 0 1
1183 22 -38 0 1
1183 22 -37 0 1
1183 22 -36 0 1
1183 22 -35 0 1
1183 22 -34 0 1
1183 22 -33 0 1
1183 22 -32 0 1
1183 22 -31 0 1
1183 22 -30 0 1
1183 22 -29 0 1
1183 22 -28 0 1
1183 22 -27 0 1
1183 22 -26 0 1
1183 22 -25 0 1
1183 22 -24 0 1
1183 23 -39 0 1
1183 23 -38 0 1
1183 23 -37 0 1
1183 23 -36 0 1
1183 23 -35 0 1
1183 23 -34 0 1
1183 23 -33 0 1
1183 23 -32 0 1
1183 23 -31 0 1
1183 23 -30 0 1
1183 23 -29 0 1
1183 23 -28 0 1
1183 23 -27 0 1
1183 23 -26 0 1
1183 23 -25 0 1
1183 23 -24 0 1
1183 24 -39 0 1
1183 24 -38 0 1
1183 24 -37 0 1
1183 24 -36 0 1
1183 24 -35 0 1
1183 24 -34 0 1
1183 24 -33 0 1
1183 24 -32 0 1
1183 24 -31 0 1
1183 24 -30 0 1
1183 24 -29 0 1
1183 24 -28 0 1
1183 24 -27 0 1
1183 24 -26 0 1
1183 24 -25 0 1
1183 24 -24 0 1
1183 25 -39 0 1
1183 25 -38 0 1
1183 25 -37 0 1
1183 25 -36 0 1
1183 25 -35 0 1
1183 25 -34 0 1
1183 25 -33 0 1
1183 25 -32 0 1
1183 25 -31 0 1
1183 25 -30 0 1
1183 25 -29 0 1
1183 25 -28 0 1
1183 25 -27 0 1
1183 25 -26 0 1
1183 25 -25 0 1
1183 25 -24 0 1
1183 26 -39 0 1
1183 26 -38 0 1
1183 26 -37 0 1
1183 26 -36 0 1
1183 26 -35 0 1
1183 26 -34 0 1
1183 26 -33 0 1
1183 26 -32 0 1
1183 26 -31 0 1
1183 26 -30 0 1
1183 26 -29 0 1
1183 26 -28 0 1
1183 26 -27 0 1
1183 26 -26 0 1
1183 26 -25 0 1
1183 26 -24 0 1
1183 27 -39 0 1
1183 27 -38 0 1
1183 27 -37 0 1
1183 27 -36 0 1
1183 27 -35 0 1
1183 27 -34 0 1
1183 27 -33 0 1
1183 27 -32 0 1
1183 27 -31 0 1
1183 27 -30 0 1
1183 27 -29 0 1
1183 27 -28 0 1
1183 27 -27 0 1
1183 27 -26 0 1
1183 27 -25 0 1
1183 27 -24 0 1
1183 28 -39 0 1
1183 28 -38 0 1
1183 28 -37 0 1
1183 28 -36 0 1
1183 28 -35 0 1
1183 28 -34 0 1
1183 28 -33 0 1
1183 28 -32 0 1
1183 28 -31 0 1
1183 28 -30 0 1
1183 28 -29 0 1
1183 28 -28 0 1
1183 28 -27 0 1
1183 28 -26 0 1
1183 28 -25 0 1
1183 28 -24 0 1
1183 29 -39 0 1
1183 29 -38 0 1
1183 29 -37 0 1
1183 29 -36 0 1
1183 29 -35 0 1
1183 29 -34 0 1
1183 29 -33 0 1
1183 29 -32 0 1
1183 29 -31 0 1
1183 29 -30 0 1
1183 29 -29 0 1
1183 29 -28 0 1
1183 29 -27 0 1
1183 29 -26 0 1
1183 29 -25 0 1
1183 29 -24 0 1
1183 30 -39 0 1
1183 30 -38 0 1
1183 30 -37 0 1
1183 30 -36 0 1
1183 30 -35 0 1
1183 30 -34 0 1
1183 30 -33 0 1
1183 30 -32 0 1
1183 30 -31 0 1
1183 30 -30 0 1
1183 30 -29 0 1
1183 30 -28 0 1
1183 30 -27 0 1
1183 30 -26 0 1
1183 30 -25 0 1
1183 30 -24 0 1
1183 31 -39 0 1
1183 31 -38 0 1
1183 31 -37 0 1
1183 31 -36 0 1
1183 31 -35 0 1
1183 31 -34 0 1
1183 31 -33 0 1
1183 31 -32 0 1
1183 31 -31 0 1
1183 31 -30 0 1
1183 31 -29 0 1
1183 31 -28 0 1
1183 31 -27 0 1
1183 31 -26 0 1
1183 31 -25 0 1
1183 31 -24 0 1
1183 32 -39 0 1
1183 32 -38 0 1
1183 32 -37 0 1
1183 32 -36 0 1
1183 32 -35 0 1
1183 32 -34 0 1
1183 32 -33 0 1
1183 32 -32 0 1
1183 32 -31 0 1
1183 32 -30 0 1
1183 32 -29 0 1
1183 32 -28 0 1
1183 32 -27 0 1
1183 32 -26 0 1
1183 32 -25 0 1
1183 32 -24 0 1
1183 33 -39 0 1
1183 33 -38 0 1
1183 33 -37 0 1
1183 33 -36 0 1
1183 33 -35 0 1
1183 33 -34 0 1
1183 33 -33 0 1
1183 33 -32 0 1
1183 33 -31 0 1
1183 33 -30 0 1
1183 33 -29 0 1
1183 33 -28 0 1
1183 33 -27 0 1
1183 33 -26 0 1
1183 33 -25 0 1
1183 33 -24 0 1
1183 34 -39 0 1
1183 34 -38 0 1
1183 34 -37 0 1
1183 34 -36 0 1
1183 34 -35 0 1
1183 34 -34 0 1
1183 34 -33 0 1
1183 34 -32 0 1
1183 34 -31 0 1
1183 34 -30 0 1
1183 34 -29 0 1
1183 34 -28 0 1
1183 34 -27 0 1
1183 34 -26 0 1
1183 34 -25 0 1
1183 34 -24 0 1
1183 35 -39 0 1
1183 35 -38 0 1
1183 35 -37 0 1
1183 35 -36 0 1
1183 35 -35 0 1
1183 35 -34 0 1
1183 35 -33 0 1
1183 35 -32 0 1
1183 35 -31 0 1
1183 35 -30 0 1
1183 35 -29 0 1
1183 35 -28 0 1
1183 35 -27 0 1
1183 35 -26 0 1
1183 35 -25 0 1
1183 35 -24 0 1
1183 20 -23 0 1
1183 20 -22 0 1
1183 20 -21 0 1
1183 20 -20 0 1
1183 20 -19 0 1
1183 20 -18 0 1
1183 20 -17 0 1
1183 20 -16 0 1
1183 20 -15 0 1
1183 20 -14 0 1
1183 20 -13 0 1
1183 20 -12 0 1
1183 20 -11 0 1
1183 20 -10 0 1
1183 20 -9 0 1
1183 20 -8 0 1
1183 21 -23 0 1
1183 21 -22 0 1
1183 21 -21 0 1
1183 21 -20 0 1
1183 21 -19 0 1
1183 21 -18 0 1
1183 21 -17 0 1
1183 21 -16 0 1
1183 21 -15 0 1
1183 21 -14 0 1
1183 21 -13 0 1
1183 21 -12 0 1
1183 21 -11 0 1
1183 21 -10 0 1
1183 21 -9 0 1
1183 21 -8 0 1
1183 22 -23 0 1
1183 22 -22 0 1
1183 22 -21 0 1
1183 22 -20 0 1
1183 22 -19 0 1
1183 22 -18 0 1
1183 22 -17 0 1
1183 22 -16 0 1
1183 22 -15 0 1
1183 22 -14 0 1
1183 22 -13 0 1
1183 22 -12 0 1
1183 22 -11 0 1
1183 22 -10 0 1
1183 22 -9 0 1
1183 22 -8 0 1
1183 23 -23 0 1
1183 23 -22 0 1
1183 23 -21 0 1
1183 23 -20 0 1
1183 23 -19 0 1
1183 23 -18 0 1
1183 23 -17 0 1
1183 23 -16 0 1
1183 23 -15 0 1
1183 23 -14 0 1
1183 23 -13 0 1
1183 23 -12 0 1
1183 23 -11 0 1
1183 23 -10 0 1
1183 23 -9 0 1
1183 23 -8 0 1
1183 24 -23 0 1
1183 24 -22 0 1
1183 24 -21 0 1
1183 24 -20 0 1
1183 24 -19 0 1
1183 24 -18 0 1
1183 24 -17 0 1
1183 24 -16 0 1
1183 24 -15 0 1
1183 24 -14 0 1
1183 24 -13 0 1
1183 24 -12 0 1
1183 24 -11 0 1
1183 24 -10 0 1
1183 24 -9 0 1
1183 24 -8 0 1
1183 25 -23 0 1
1183 25 -22 0 1
1183 25 -21 0 1
1183 25 -20 0 1
1183 25 -19 0 1
1183 25 -18 0 1
1183 25 -17 0 1
1183 25 -16 0 1
1183 25 -15 0 1
1183 25 -14 0 1
1183 25 -13 0 1
1183 25 -12 0 1
1183 25 -11 0 1
1183 25 -10 0 1
1183 25 -9 0 1
1183 25 -8 0 1
1183 26 -23 0 1
1183 26 -22 0 1
1183 26 -21 0 1
1183 26 -20 0 1
1183 26 -19 0 1
1183 26 -18 0 1
1183 26 -17 0 1
1183 26 -16 0 1
1183 26 -15 0 1
1183 26 -14 0 1
1183 26 -13 0 1
1183 26 -12 0 1
1183 26 -11 0 1
1183 26 -10 0 1
1183 26 -9 0 1
1183 26 -8 0 1
1183 27 -23 0 1
1183 27 -22 0 1
1183 27 -21 0 1
1183 27 -20 0 1
1183 27 -19 0 1
1183 27 -18 0 1
1183 27 -17 0 1
1183 27 -16 0 1
1183 27 -15 0 1
1183 27 -14 0 1
1183 27 -13 0 1
1183 27 -12 0 1
1183 27 -11 0 1
1183 27 -10 0 1
1183 27 -9 0 1
1183 27 -8 0 1
1183 28 -23 0 1
1183 28 -22 0 1
1183 28 -21 0 1
1183 28 -20 0 1
1183 28 -19 0 1
1183 28 -18 0 1
1183 28 -17 0 1
1183 28 -16 0 1
1183 28 -15 0 1
1183 28 -14 0 1
1183 28 -13 0 1
1183 28 -12 0 1
1183 28 -11 0 1
1183 28 -10 0 1
1183 28 -9 0 1
1183 28 -8 0 1
1183 29 -23 0 1
1183 29 -22 0 1
1183 29 -21 0 1
1183 29 -20 0 1
1183 29 -19 0 1
1183 29 -18 0 1
1183 29 -17 0 1
1183 29 -16 0 1
1183 29 -15 0 1
1183 29 -14 0 1
1183 29 -13 0 1
1183 29 -12 0 1
1183 29 -11 0 1
1183 29 -10 0 1
1183 29 -9 0 1
1183 29 -8 0 1
1183 30 -23 0 1
1183 30 -22 0 1
1183 30 -21 0 1
1183 30 -20 0 1
1183 30 -19 0 1
1183 30 -18 0 1
1183 30 -17 0 1
1183 30 -16 0 1
1183 30 -15 0 1
1183 30 -14 0 1
1183 30 -13 0 1
1183 30 -12 0 1
1183 30 -11 0 1
1183 30 -10 0 1
1183 30 -9 0 1
1183 30 -8 0 1
1183 31 -23 0 1
1183 31 -22 0 1
1183 31 -21 0 1
1183 31 -20 0 1
1183 31 -19 0 1
1183 31 -18 0 1
1183 31 -17 0 1
1183 31 -16 0 1
1183 31 -15 0 1
1183 31 -14 0 1
1183 31 -13 0 1
1183 31 -12 0 1
1183 31 -11 0 1
1183 31 -10 0 1
1183 31 -9 0 1
1183 31 -8 0 1
1183 32 -23 0 1
1183 32 -22 0 1
1183 32 -21 0 1
1183 32 -20 0 1
1183 32 -19 0 1
1183 32 -18 0 1
1183 32 -17 0 1
1183 32 -16 0 1
1183 32 -15 0 1
1183 32 -14 0 1
1183 32 -13 0 1
1183 32 -12 0 1
1183 32 -11 0 1
1183 32 -10 0 1
1183 32 -9 0 1
1183 32 -8 0 1
1183 33 -23 0 1
1183 33 -22 0 1
1183 33 -21 0 1
1183 33 -20 0 1
1183 33 -19 0 1
1183 33 -18 0 1
1183 33 -17 0 1
1183 33 -16 0 1
1183 33 -15 0 1
1183 33 -14 0 1
1183 33 -13 0 1
1183 33 -12 0 1
1183 33 -11 0 1
1183 33 -10 0 1
1183 33 -9 0 1
1183 33 -8 0 1
1183 34 -23 0 1
1183 34 -22 0 1
1183 34 -21 0 1
1183 34 -20 0 1
1183 34 -19 0 1
1183 34 -18 0 1
1183 34 -17 0 1
1183 34 -16 0 1
1183 34 -15 0 1
1183 34 -14 0 1
1183 34 -13 0 1
1183 34 -12 0 1
1183 34 -11 0 1
1183 34 -10 0 1
1183 34 -9 0 1
1183 34 -8 0 1
1183 35 -23 0 1
1183 35 -22 0 1
1183 35 -21 0 1
1183 35 -20 0 1
1183 35 -19 0 1
1183 35 -18 0 1
1183 35 -17 0 1
1183 35 -16 0 1
1183 35 -15 0 1
1183 35 -14 0 1
1183 35 -13 0 1
1183 35 -12 0 1
1183 35 -11 0 1
1183 35 -10 0 1
1183 35 -9 0 1
1183 35 -8 0 1
130 20 -2 0 1
130 21 -2 0 1
130 22 -2 0 1
130 23 -2 0 1
130 24 -2 0 1
130 25 -2 0 1
130 26 -2 0 1
130 27 -2 0 1
130 28 -2 0 1
130 29 -2 0 1
130 30 -2 0 1
130 31 -2 0 1
130 32 -2 0 1
130 33 -2 0 1
130 34 -2 0 1
130 35 -2 0 1
1183 20 -7 0 1
1183 20 -6 0 1
1183 20 -5 0 1
1183 20 -4 0 1
1183 20 -3 0 1
1183 20 -2 0 1
1183 21 -7 0 1
1183 21 -6 0 1
1183 21 -5 0 1
1183 21 -4 0 1
1183 21 -3 0 1
1183 21 -2 0 1
1183 22 -7 0 1
1183 22 -6 0 1
1183 22 -5 0 1
1183 22 -4 0 1
1183 22 -3 0 1
1183 22 -2 0 1
1183 23 -7 0 1
1183 23 -6 0 1
1183 23 -5 0 1
1183 23 -4 0 1
1183 23 -3 0 1
1183 23 -2 0 1
1183 24 -7 0 1
1183 24 -6 0 1
1183 24 -5 0 1
1183 24 -4 0 1
1183 24 -3 0 1
1183 24 -2 0 1
1183 25 -7 0 1
1183 25 -6 0 1
1183 25 -5 0 1
1183 25 -4 0 1
1183 25 -3 0 1
1183 25 -2 0 1
1183 26 -7 0 1
1183 26 -6 0 1
1183 26 -5 0 1
1183 26 -4 0 1
1183 26 -3 0 1
1183 26 -2 0 1
1183 27 -7 0 1
1183 27 -6 0 1
1183 27 -5 0 1
1183 27 -4 0 1
1183 27 -3 0 1
1183 27 -2 0 1
1183 28 -7 0 1
1183 28 -6 0 1
1183 28 -5 0 1
1183 28 -4 0 1
1183 28 -3 0 1
1183 28 -2 0 1
1183 29 -7 0 1
1183 29 -6 0 1
1183 29 -5 0 1
1183 29 -4 0 1
1183 29 -3 0 1
1183 29 -2 0 1
1183 30 -7 0 1
1183 30 -6 0 1
1183 30 -5 0 1
1183 30 -4 0 1
1183 30 -3 0 1
1183 30 -2 0 1
1183 31 -7 0 1
1183 31 -6 0 1
1183 31 -5 0 1
1183 31 -4 0 1
1183 31 -3 0 1
1183 31 -2 0 1
1183 32 -7 0 1
1183 32 -6 0 1
1183 32 -5 0 1
1183 32 -4 0 1
1183 32 -3 0 1
1183 32 -2 0 1
1183 33 -7 0 1
1183 33 -6 0 1
1183 33 -5 0 1
1183 33 -4 0 1
1183 33 -3 0 1
1183 33 -2 0 1
1183 34 -7 0 1
1183 34 -6 0 1
1183 34 -5 0 1
1183 34 -4 0 1
1183 34 -3 0 1
1183 34 -2 0 1
1183 35 -7 0 1
1183 35 -6 0 1
1183 35 -5 0 1
1183 35 -4 0 1
1183 35 -3 0 1
1183 35 -2 0 1
130 46 -52 0 1
130 47 -52 0 1
130 48 -52 0 1
130 49 -52 0 1
130 50 -52 0 1
130 51 -52 0 1
130 46 -51 0 1
130 46 -50 0 1
130 46 -49 0 1
130 46 -48 0 1
130 46 -47 0 1
130 46 -46 0 1
130 46 -45 0 1
130 46 -44 0 1
130 46 -43 0 1
130 46 -42 0 1
130 46 -41 0 1
130 46 -40 0 1
130 36 -52 0 1
130 37 -52 0 1
130 38 -52 0 1
130 39 -52 0 1
130 40 -52 0 1
130 41 -52 0 1
130 42 -52 0 1
130 43 -52 0 1
130 44 -52 0 1
130 45 -52 0 1
1183 36 -52 0 1
1183 36 -51 0 1
1183 36 -50 0 1
1183 36 -49 0 1
1183 36 -48 0 1
1183 36 -47 0 1
1183 36 -46 0 1
1183 36 -45 0 1
1183 36 -44 0 1
1183 36 -43 0 1
1183 36 -42 0 1
1183 36 -41 0 1
1183 36 -40 0 1
1183 37 -52 0 1
1183 37 -51 0 1
1183 37 -50 0 1
1183 37 -49 0 1
1183 37 -48 0 1
1183 37 -47 0 1
1183 37 -46 0 1
1183 37 -45 0 1
1183 37 -44 0 1
1183 37 -43 0 1
1183 37 -42 0 1
1183 37 -41 0 1
1183 37 -40 0 1
1183 38 -52 0 1
1183 38 -51 0 1
1183 38 -50 0 1
1183 38 -49 0 1
1183 38 -48 0 1
1183 38 -47 0 1
1183 38 -46 0 1
1183 38 -45 0 1
1183 38 -44 0 1
1183 38 -43 0 1
1183 38 -42 0 1
1183 38 -41 0 1
1183 38 -40 0 1
1183 39 -52 0 1
1183 39 -51 0 1
1183 39 -50 0 1
1183 39 -49 0 1
1183 39 -48 0 1
1183 39 -47 0 1
1183 39 -46 0 1
1183 39 -45 0 1
1183 39 -44 0 1
1183 39 -43 0 1
1183 39 -42 0 1
1183 39 -41 0 1
1183 39 -40 0 1
1183 40 -52 0 1
1183 40 -51 0 1
1183 40 -50 0 1
1183 40 -49 0 1
1183 40 -48 0 1
1183 40 -47 0 1
1183 40 -46 0 1
1183 40 -45 0 1
1183 40 -44 0 1
1183 40 -43 0 1
1183 40 -42 0 1
1183 40 -41 0 1
1183 40 -40 0 1
1183 41 -52 0 1
1183 41 -51 0 1
1183 41 -50 0 1
1183 41 -49 0 1
1183 41 -48 0 1
1183 41 -47 0 1
1183 41 -46 0 1
1183 41 -45 0 1
1183 41 -44 0 1
1183 41 -43 0 1
1183 41 -42 0 1
1183 41 -41 0 1
1183 41 -40 0 1
1183 42 -52 0 1
1183 42 -51 0 1
1183 42 -50 0 1
1183 42 -49 0 1
1183 42 -48 0 1
1183 42 -47 0 1
1183 42 -46 0 1
1183 42 -45 0 1
1183 42 -44 0 1
1183 42 -43 0 1
1183 42 -42 0 1
1183 42 -41 0 1
1183 42 -40 0 1
1183 43 -52 0 1
1183 43 -51 0 1
1183 43 -50 0 1
1183 43 -49 0 1
1183 43 -48 0 1
1183 43 -47 0 1
1183 43 -46 0 1
1183 43 -45 0 1
1183 43 -44 0 1
1183 43 -43 0 1
1183 43 -42 0 1
1183 43 -41 0 1
1183 43 -40 0 1
1183 44 -52 0 1
1183 44 -51 0 1
1183 44 -50 0 1
1183 44 -49 0 1
1183 44 -48 0 1
1183 44 -47 0 1
1183 44 -46 0 1
1183 44 -45 0 1
1183 44 -44 0 1
1183 44 -43 0 1
1183 44 -42 0 1
1183 44 -41 0 1
1183 44 -40 0 1
1183 45 -52 0 1
1183 45 -51 0 1
1183 45 -50 0 1
1183 45 -49 0 1
1183 45 -48 0 1
1183 45 -47 0 1
1183 45 -46 0 1
1183 45 -45 0 1
1183 45 -44 0 1
1183 45 -43 0 1
1183 45 -42 0 1
1183 45 -41 0 1
1183 45 -40 0 1
1183 46 -52 0 1
1183 46 -51 0 1
1183 46 -50 0 1
1183 46 -49 0 1
1183 46 -48 0 1
1183 46 -47 0 1
1183 46 -46 0 1
1183 46 -45 0 1
1183 46 -44 0 1
1183 46 -43 0 1
1183 46 -42 0 1
1183 46 -41 0 1
1183 46 -40 0 1
1183 47 -52 0 1
1183 47 -51 0 1
1183 47 -50 0 1
1183 47 -49 0 1
1183 47 -48 0 1
1183 47 -47 0 1
1183 47 -46 0 1
1183 47 -45 0 1
1183 47 -44 0 1
1183 47 -43 0 1
1183 47 -42 0 1
1183 47 -41 0 1
1183 47 -40 0 1
1183 48 -52 0 1
1183 48 -51 0 1
1183 48 -50 0 1
1183 48 -49 0 1
1183 48 -48 0 1
1183 48 -47 0 1
1183 48 -46 0 1
1183 48 -45 0 1
1183 48 -44 0 1
1183 48 -43 0 1
1183 48 -42 0 1
1183 48 -41 0 1
1183 48 -40 0 1
1183 49 -52 0 1
1183 49 -51 0 1
1183 49 -50 0 1
1183 49 -49 0 1
1183 49 -48 0 1
1183 49 -47 0 1
1183 49 -46 0 1
1183 49 -45 0 1
1183 49 -44 0 1
1183 49 -43 0 1
1183 49 -42 0 1
1183 49 -41 0 1
1183 49 -40 0 1
1183 50 -52 0 1
1183 50 -51 0 1
1183 50 -50 0 1
1183 50 -49 0 1
1183 50 -48 0 1
1183 50 -47 0 1
1183 50 -46 0 1
1183 50 -45 0 1
1183 50 -44 0 1
1183 50 -43 0 1
1183 50 -42 0 1
1183 50 -41 0 1
1183 50 -40 0 1
1183 51 -52 0 1
1183 51 -51 0 1
1183 51 -50 0 1
1183 51 -49 0 1
1183 51 -48 0 1
1183 51 -47 0 1
1183 51 -46 0 1
1183 51 -45 0 1
1183 51 -44 0 1
1183 51 -43 0 1
1183 51 -42 0 1
1183 51 -41 0 1
1183 51 -40 0 1
130 46 -39 0 1
130 46 -38 0 1
130 46 -37 0 1
130 46 -36 0 1
130 46 -35 0 1
130 46 -34 0 1
130 46 -33 0 1
130 46 -32 0 1
130 46 -31 0 1
130 46 -30 0 1
130 46 -29 0 1
130 46 -28 0 1
130 46 -27 0 1
130 46 -26 0 1
130 46 -25 0 1
130 46 -24 0 1
1183 36 -39 0 1
1183 36 -38 0 1
1183 36 -37 0 1
1183 36 -36 0 1
1183 36 -35 0 1
1183 36 -34 0 1
1183 36 -33 0 1
1183 36 -32 0 1
1183 36 -31 0 1
1183 36 -30 0 1
1183 36 -29 0 1
1183 36 -28 0 1
1183 36 -27 0 1
1183 36 -26 0 1
1183 36 -25 0 1
1183 36 -24 0 1
1183 37 -39 0 1
1183 37 -38 0 1
1183 37 -37 0 1
1183 37 -36 0 1
1183 37 -35 0 1
1183 37 -34 0 1
1183 37 -33 0 1
1183 37 -32 0 1
1183 37 -31 0 1
1183 37 -30 0 1
1183 37 -29 0 1
1183 37 -28 0 1
1183 37 -27 0 1
1183 37 -26 0 1
1183 37 -25 0 1
1183 37 -24 0 1
1183 38 -39 0 1
1183 38 -38 0 1
1183 38 -37 0 1
1183 38 -36 0 1
1183 38 -35 0 1
1183 38 -34 0 1
1183 38 -33 0 1
1183 38 -32 0 1
1183 38 -31 0 1
1183 38 -30 0 1
1183 38 -29 0 1
1183 38 -28 0 1
1183 38 -27 0 1
1183 38 -26 0 1
1183 38 -25 0 1
1183 38 -24 0 1
1183 39 -39 0 1
1183 39 -38 0 1
1183 39 -37 0 1
1183 39 -36 0 1
1183 39 -35 0 1
1183 39 -34 0 1
1183 39 -33 0 1
1183 39 -32 0 1
1183 39 -31 0 1
1183 39 -30 0 1
1183 39 -29 0 1
1183 39 -28 0 1
1183 39 -27 0 1
1183 39 -26 0 1
1183 39 -25 0 1
1183 39 -24 0 1
1183 40 -39 0 1
1183 40 -38 0 1
1183 40 -37 0 1
1183 40 -36 0 1
1183 40 -35 0 1
1183 40 -34 0 1
1183 40 -33 0 1
1183 40 -32 0 1
1183 40 -31 0 1
1183 40 -30 0 1
1183 40 -29 0 1
1183 40 -28 0 1
1183 40 -27 0 1
1183 40 -26 0 1
1183 40 -25 0 1
1183 40 -24 0 1
1183 41 -39 0 1
1183 41 -38 0 1
1183 41 -37 0 1
1183 41 -36 0 1
1183 41 -35 0 1
1183 41 -34 0 1
1183 41 -33 0 1
1183 41 -32 0 1
1183 41 -31 0 1
1183 41 -30 0 1
1183 41 -29 0 1
1183 41 -28 0 1
1183 41 -27 0 1
1183 41 -26 0 1
1183 41 -25 0 1
1183 41 -24 0 1
1183 42 -39 0 1
1183 42 -38 0 1
1183 42 -37 0 1
1183 42 -36 0 1
1183 42 -35 0 1
1183 42 -34 0 1
1183 42 -33 0 1
1183 42 -32 0 1
1183 42 -31 0 1
1183 42 -30 0 1
1183 42 -29 0 1
1183 42 -28 0 1
1183 42 -27 0 1
1183 42 -26 0 1
1183 42 -25 0 1
1183 42 -24 0 1
1183 43 -39 0 1
1183 43 -38 0 1
1183 43 -37 0 1
1183 43 -36 0 1
1183 43 -35 0 1
1183 43 -34 0 1
1183 43 -33 0 1
1183 43 -32 0 1
1183 43 -31 0 1
1183 43 -30 0 1
1183 43 -29 0 1
1183 43 -28 0 1
1183 43 -27 0 1
1183 43 -26 0 1
1183 43 -25 0 1
1183 43 -24 0 1
1183 44 -39 0 1
1183 44 -38 0 1
1183 44 -37 0 1
1183 44 -36 0 1
1183 44 -35 0 1
1183 44 -34 0 1
1183 44 -33 0 1
1183 44 -32 0 1
1183 44 -31 0 1
1183 44 -30 0 1
1183 44 -29 0 1
1183 44 -28 0 1
1183 44 -27 0 1
1183 44 -26 0 1
1183 44 -25 0 1
1183 44 -24 0 1
1183 45 -39 0 1
1183 45 -38 0 1
1183 45 -37 0 1
1183 45 -36 0 1
1183 45 -35 0 1
1183 45 -34 0 1
1183 45 -33 0 1
1183 45 -32 0 1
1183 45 -31 0 1
1183 45 -30 0 1
1183 45 -29 0 1
1183 45 -28 0 1
1183 45 -27 0 1
1183 45 -26 0 1
1183 45 -25 0 1
1183 45 -24 0 1
1183 46 -39 0 1
1183 46 -38 0 1
1183 46 -37 0 1
1183 46 -36 0 1
1183 46 -35 0 1
1183 46 -34 0 1
1183 46 -33 0 1
1183 46 -32 0 1
1183 46 -31 0 1
1183 46 -30 0 1
1183 46 -29 0 1
1183 46 -28 0 1
1183 46 -27 0 1
1183 46 -26 0 1
1183 46 -25 0 1
1183 46 -24 0 1
1183 47 -39 0 1
1183 47 -38 0 1
1183 47 -37 0 1
1183 47 -36 0 1
1183 47 -35 0 1
1183 47 -34 0 1
1183 47 -33 0 1
1183 47 -32 0 1
1183 47 -31 0 1
1183 47 -30 0 1
1183 47 -29 0 1
1183 47 -28 0 1
1183 47 -27 0 1
1183 47 -26 0 1
1183 47 -25 0 1
1183 47 -24 0 1
1183 48 -39 0 1
1183 48 -38 0 1
1183 48 -37 0 1
1183 48 -36 0 1
1183 48 -35 0 1
1183 48 -34 0 1
1183 48 -33 0 1
1183 48 -32 0 1
1183 48 -31 0 1
1183 48 -30 0 1
1183 48 -29 0 1
1183 48 -28 0 1
1183 48 -27 0 1
1183 48 -26 0 1
1183 48 -25 0 1
1183 48 -24 0 1
1183 49 -39 0 1
1183 49 -38 0 1
1183 49 -37 0 1
1183 49 -36 0 1
1183 49 -35 0 1
1183 49 -34 0 1
1183 49 -33 0 1
1183 49 -32 0 1
1183 49 -31 0 1
1183 49 -30 0 1
1183 49 -29 0 1
1183 49 -28 0 1
1183 49 -27 0 1
1183 49 -26 0 1
1183 49 -25 0 1
1183 49 -24 0 1
1183 50 -39 0 1
1183 50 -38 0 1
1183 50 -37 0 1
1183 50 -36 0 1
1183 50 -35 0 1
1183 50 -34 0 1
1183 50 -33 0 1
1183 50 -32 0 1
1183 50 -31 0 1
1183 50 -30 0 1
1183 50 -29 0 1
1183 50 -28 0 1
1183 50 -27 0 1
1183 50 -26 0 1
1183 50 -25 0 1
1183 50 -24 0 1
1183 51 -39 0 1
1183 51 -38 0 1
1183 51 -36 0 1
1183 51 -35 0 1
1183 51 -34 0 1
1183 51 -33 0 1
1183 51 -32 0 1
1183 51 -31 0 1
1183 51 -30 0 1
1183 51 -29 0 1
1183 51 -28 0 1
1183 51 -27 0 1
1183 51 -26 0 1
1183 51 -37 0 1
1183 51 -24 0 1
1183 51 -25 0 1
130 46 -23 0 1
130 46 -22 0 1
130 46 -21 0 1
130 46 -20 0 1
130 46 -19 0 1
130 46 -18 0 1
130 46 -17 0 1
130 46 -16 0 1
130 46 -15 0 1
130 46 -14 0 1
130 46 -13 0 1
130 46 -12 0 1
130 46 -11 0 1
130 46 -10 0 1
130 46 -9 0 1
130 46 -8 0 1
1183 36 -23 0 1
1183 36 -22 0 1
1183 36 -21 0 1
1183 36 -20 0 1
1183 36 -19 0 1
1183 36 -18 0 1
1183 36 -17 0 1
1183 36 -16 0 1
1183 36 -15 0 1
1183 36 -14 0 1
1183 36 -13 0 1
1183 36 -12 0 1
1183 36 -11 0 1
1183 36 -10 0 1
1183 36 -9 0 1
1183 36 -8 0 1
1183 37 -23 0 1
1183 37 -22 0 1
1183 37 -21 0 1
1183 37 -20 0 1
1183 37 -19 0 1
1183 37 -18 0 1
1183 37 -17 0 1
1183 37 -16 0 1
1183 37 -15 0 1
1183 37 -14 0 1
1183 37 -13 0 1
1183 37 -12 0 1
1183 37 -11 0 1
1183 37 -10 0 1
1183 37 -9 0 1
1183 37 -8 0 1
1183 38 -23 0 1
1183 38 -22 0 1
1183 38 -21 0 1
1183 38 -20 0 1
1183 38 -19 0 1
1183 38 -18 0 1
1183 38 -17 0 1
1183 38 -16 0 1
1183 38 -15 0 1
1183 38 -14 0 1
1183 38 -13 0 1
1183 38 -12 0 1
1183 38 -11 0 1
1183 38 -10 0 1
1183 38 -9 0 1
1183 38 -8 0 1
1183 39 -23 0 1
1183 39 -22 0 1
1183 39 -21 0 1
1183 39 -20 0 1
1183 39 -19 0 1
1183 39 -18 0 1
1183 39 -17 0 1
1183 39 -16 0 1
1183 39 -15 0 1
1183 39 -14 0 1
1183 39 -13 0 1
1183 39 -12 0 1
1183 39 -11 0 1
1183 39 -10 0 1
1183 39 -9 0 1
1183 39 -8 0 1
1183 40 -23 0 1
1183 40 -22 0 1
1183 40 -21 0 1
1183 40 -20 0 1
1183 40 -19 0 1
1183 40 -18 0 1
1183 40 -17 0 1
1183 40 -16 0 1
1183 40 -15 0 1
1183 40 -14 0 1
1183 40 -13 0 1
1183 40 -12 0 1
1183 40 -11 0 1
1183 40 -10 0 1
1183 40 -9 0 1
1183 40 -8 0 1
1183 41 -23 0 1
1183 41 -22 0 1
1183 41 -21 0 1
1183 41 -20 0 1
1183 41 -19 0 1
1183 41 -18 0 1
1183 41 -17 0 1
1183 41 -16 0 1
1183 41 -15 0 1
1183 41 -14 0 1
1183 41 -13 0 1
1183 41 -12 0 1
1183 41 -11 0 1
1183 41 -10 0 1
1183 41 -9 0 1
1183 41 -8 0 1
1183 42 -23 0 1
1183 42 -22 0 1
1183 42 -21 0 1
1183 42 -20 0 1
1183 42 -19 0 1
1183 42 -18 0 1
1183 42 -17 0 1
1183 42 -16 0 1
1183 42 -15 0 1
1183 42 -14 0 1
1183 42 -13 0 1
1183 42 -12 0 1
1183 42 -11 0 1
1183 42 -10 0 1
1183 42 -9 0 1
1183 42 -8 0 1
1183 43 -23 0 1
1183 43 -22 0 1
1183 43 -21 0 1
1183 43 -20 0 1
1183 43 -19 0 1
1183 43 -18 0 1
1183 43 -17 0 1
1183 43 -16 0 1
1183 43 -15 0 1
1183 43 -14 0 1
1183 43 -13 0 1
1183 43 -12 0 1
1183 43 -11 0 1
1183 43 -10 0 1
1183 43 -9 0 1
1183 43 -8 0 1
1183 44 -23 0 1
1183 44 -22 0 1
1183 44 -21 0 1
1183 44 -20 0 1
1183 44 -19 0 1
1183 44 -18 0 1
1183 44 -17 0 1
1183 44 -16 0 1
1183 44 -15 0 1
1183 44 -14 0 1
1183 44 -13 0 1
1183 44 -12 0 1
1183 44 -11 0 1
1183 44 -10 0 1
1183 44 -9 0 1
1183 44 -8 0 1
1183 45 -23 0 1
1183 45 -22 0 1
1183 45 -21 0 1
1183 45 -20 0 1
1183 45 -19 0 1
1183 45 -18 0 1
1183 45 -17 0 1
1183 45 -16 0 1
1183 45 -15 0 1
1183 45 -14 0 1
1183 45 -13 0 1
1183 45 -12 0 1
1183 45 -11 0 1
1183 45 -10 0 1
1183 45 -9 0 1
1183 45 -8 0 1
1183 46 -23 0 1
1183 46 -22 0 1
1183 46 -21 0 1
1183 46 -20 0 1
1183 46 -19 0 1
1183 46 -18 0 1
1183 46 -17 0 1
1183 46 -16 0 1
1183 46 -15 0 1
1183 46 -14 0 1
1183 46 -13 0 1
1183 46 -12 0 1
1183 46 -11 0 1
1183 46 -10 0 1
1183 46 -9 0 1
1183 46 -8 0 1
1183 47 -23 0 1
1183 47 -22 0 1
1183 47 -21 0 1
1183 47 -20 0 1
1183 47 -19 0 1
1183 47 -18 0 1
1183 47 -17 0 1
1183 47 -16 0 1
1183 47 -15 0 1
1183 47 -14 0 1
1183 47 -13 0 1
1183 47 -12 0 1
1183 47 -11 0 1
1183 47 -10 0 1
1183 47 -9 0 1
1183 47 -8 0 1
1183 48 -23 0 1
1183 48 -22 0 1
1183 48 -21 0 1
1183 48 -20 0 1
1183 48 -19 0 1
1183 48 -18 0 1
1183 48 -17 0 1
1183 48 -16 0 1
1183 48 -15 0 1
1183 48 -14 0 1
1183 48 -13 0 1
1183 48 -12 0 1
1183 48 -11 0 1
1183 48 -10 0 1
1183 48 -9 0 1
1183 48 -8 0 1
1183 49 -23 0 1
1183 49 -22 0 1
1183 49 -21 0 1
1183 49 -20 0 1
1183 49 -19 0 1
1183 49 -18 0 1
1183 49 -17 0 1
1183 49 -16 0 1
1183 49 -15 0 1
1183 49 -14 0 1
1183 49 -13 0 1
1183 49 -12 0 1
1183 49 -11 0 1
1183 49 -10 0 1
1183 49 -9 0 1
1183 49 -8 0 1
1183 50 -23 0 1
1183 50 -22 0 1
1183 50 -21 0 1
1183 50 -20 0 1
1183 50 -19 0 1
1183 50 -18 0 1
1183 50 -17 0 1
1183 50 -16 0 1
1183 50 -15 0 1
1183 50 -14 0 1
1183 50 -13 0 1
1183 50 -12 0 1
1183 50 -11 0 1
1183 50 -10 0 1
1183 50 -9 0 1
1183 50 -8 0 1
1183 51 -23 0 1
1183 51 -22 0 1
1183 51 -21 0 1
1183 51 -20 0 1
1183 51 -19 0 1
1183 51 -18 0 1
1183 51 -17 0 1
1183 51 -16 0 1
1183 51 -15 0 1
1183 51 -14 0 1
1183 51 -13 0 1
1183 51 -12 0 1
1183 51 -11 0 1
1183 51 -10 0 1
1183 51 -9 0 1
1183 51 -8 0 1
1183 50 -23 0 1
130 36 -2 0 1
130 37 -2 0 1
130 38 -2 0 1
130 39 -2 0 1
130 40 -2 0 1
130 41 -2 0 1
130 42 -2 0 1
130 43 -2 0 1
130 44 -2 0 1
130 45 -2 0 1
130 46 -2 0 1
130 47 -2 0 1
130 48 -2 0 1
130 49 -2 0 1
130 50 -2 0 1
130 51 -2 0 1
130 46 -7 0 1
130 46 -6 0 1
130 46 -5 0 1
130 46 -4 0 1
130 46 -3 0 1
1183 36 -7 0 1
1183 36 -6 0 1
1183 36 -5 0 1
1183 36 -4 0 1
1183 36 -3 0 1
1183 36 -2 0 1
1183 37 -7 0 1
1183 37 -6 0 1
1183 37 -5 0 1
1183 37 -4 0 1
1183 37 -3 0 1
1183 37 -2 0 1
1183 38 -7 0 1
1183 38 -6 0 1
1183 38 -5 0 1
1183 38 -4 0 1
1183 38 -3 0 1
1183 38 -2 0 1
1183 39 -7 0 1
1183 39 -6 0 1
1183 39 -5 0 1
1183 39 -4 0 1
1183 39 -3 0 1
1183 39 -2 0 1
1183 40 -7 0 1
1183 40 -6 0 1
1183 40 -5 0 1
1183 40 -4 0 1
1183 40 -3 0 1
1183 40 -2 0 1
1183 41 -7 0 1
1183 41 -6 0 1
1183 41 -5 0 1
1183 41 -4 0 1
1183 41 -3 0 1
1183 41 -2 0 1
1183 42 -7 0 1
1183 42 -6 0 1
1183 42 -5 0 1
1183 42 -4 0 1
1183 42 -3 0 1
1183 42 -2 0 1
1183 43 -7 0 1
1183 43 -6 0 1
1183 43 -5 0 1
1183 43 -4 0 1
1183 43 -3 0 1
1183 43 -2 0 1
1183 44 -7 0 1
1183 44 -6 0 1
1183 44 -5 0 1
1183 44 -4 0 1
1183 44 -3 0 1
1183 44 -2 0 1
1183 45 -7 0 1
1183 45 -6 0 1
1183 45 -5 0 1
1183 45 -4 0 1
1183 45 -3 0 1
1183 45 -2 0 1
1183 46 -7 0 1
1183 46 -6 0 1
1183 46 -5 0 1
1183 46 -4 0 1
1183 46 -3 0 1
1183 46 -2 0 1
1183 47 -7 0 1
1183 47 -6 0 1
1183 47 -5 0 1
1183 47 -4 0 1
1183 47 -3 0 1
1183 47 -2 0 1
1183 48 -7 0 1
1183 48 -6 0 1
1183 48 -5 0 1
1183 48 -4 0 1
1183 48 -3 0 1
1183 48 -2 0 1
1183 49 -7 0 1
1183 49 -6 0 1
1183 49 -5 0 1
1183 49 -4 0 1
1183 49 -3 0 1
1183 49 -2 0 1
1183 50 -7 0 1
1183 50 -6 0 1
1183 50 -5 0 1
1183 50 -4 0 1
1183 50 -3 0 1
1183 50 -2 0 1
1183 51 -7 0 1
1183 51 -6 0 1
1183 51 -5 0 1
1183 51 -4 0 1
1183 51 -3 0 1
1183 51 -2 0 1
130 52 -52 0 1
130 53 -52 0 1
130 54 -52 0 1
130 55 -52 0 1
130 56 -52 0 1
130 57 -52 0 1
130 58 -52 0 1
130 59 -52 0 1
130 60 -52 0 1
130 61 -52 0 1
130 62 -52 0 1
130 63 -52 0 1
130 64 -52 0 1
130 65 -52 0 1
130 66 -52 0 1
130 67 -52 0 1
1183 52 -52 0 1
1183 52 -51 0 1
1183 52 -50 0 1
1183 52 -49 0 1
1183 52 -48 0 1
1183 52 -47 0 1
1183 52 -46 0 1
1183 52 -45 0 1
1183 52 -44 0 1
1183 52 -43 0 1
1183 52 -42 0 1
1183 52 -41 0 1
1183 52 -40 0 1
1183 53 -52 0 1
1183 53 -51 0 1
1183 53 -50 0 1
1183 53 -49 0 1
1183 53 -48 0 1
1183 53 -47 0 1
1183 53 -46 0 1
1183 53 -45 0 1
1183 53 -44 0 1
1183 53 -43 0 1
1183 53 -42 0 1
1183 53 -41 0 1
1183 53 -40 0 1
1183 54 -52 0 1
1183 54 -51 0 1
1183 54 -50 0 1
1183 54 -49 0 1
1183 54 -48 0 1
1183 54 -47 0 1
1183 54 -46 0 1
1183 54 -45 0 1
1183 54 -44 0 1
1183 54 -43 0 1
1183 54 -42 0 1
1183 54 -41 0 1
1183 54 -40 0 1
1183 55 -52 0 1
1183 55 -51 0 1
1183 55 -50 0 1
1183 55 -49 0 1
1183 55 -48 0 1
1183 55 -47 0 1
1183 55 -46 0 1
1183 55 -45 0 1
1183 55 -44 0 1
1183 55 -43 0 1
1183 55 -42 0 1
1183 55 -41 0 1
1183 55 -40 0 1
1183 56 -52 0 1
1183 56 -51 0 1
1183 56 -50 0 1
1183 56 -49 0 1
1183 56 -48 0 1
1183 56 -47 0 1
1183 56 -46 0 1
1183 56 -45 0 1
1183 56 -44 0 1
1183 56 -43 0 1
1183 56 -42 0 1
1183 56 -41 0 1
1183 56 -40 0 1
1183 57 -52 0 1
1183 57 -51 0 1
1183 57 -50 0 1
1183 57 -49 0 1
1183 57 -48 0 1
1183 57 -47 0 1
1183 57 -46 0 1
1183 57 -45 0 1
1183 57 -44 0 1
1183 57 -43 0 1
1183 57 -42 0 1
1183 57 -41 0 1
1183 57 -40 0 1
1183 58 -52 0 1
1183 58 -51 0 1
1183 58 -50 0 1
1183 58 -49 0 1
1183 58 -48 0 1
1183 58 -47 0 1
1183 58 -46 0 1
1183 58 -45 0 1
1183 58 -44 0 1
1183 58 -43 0 1
1183 58 -42 0 1
1183 58 -41 0 1
1183 58 -40 0 1
1183 59 -52 0 1
1183 59 -51 0 1
1183 59 -50 0 1
1183 59 -49 0 1
1183 59 -48 0 1
1183 59 -47 0 1
1183 59 -46 0 1
1183 59 -45 0 1
1183 59 -44 0 1
1183 59 -43 0 1
1183 59 -42 0 1
1183 59 -41 0 1
1183 59 -40 0 1
1183 60 -52 0 1
1183 60 -51 0 1
1183 60 -50 0 1
1183 60 -49 0 1
1183 60 -48 0 1
1183 60 -47 0 1
1183 60 -46 0 1
1183 60 -45 0 1
1183 60 -44 0 1
1183 60 -43 0 1
1183 60 -42 0 1
1183 60 -41 0 1
1183 60 -40 0 1
1183 61 -52 0 1
1183 61 -51 0 1
1183 61 -50 0 1
1183 61 -49 0 1
1183 61 -48 0 1
1183 61 -47 0 1
1183 61 -46 0 1
1183 61 -45 0 1
1183 61 -44 0 1
1183 61 -43 0 1
1183 61 -42 0 1
1183 61 -41 0 1
1183 61 -40 0 1
1183 62 -52 0 1
1183 62 -51 0 1
1183 62 -50 0 1
1183 62 -49 0 1
1183 62 -48 0 1
1183 62 -47 0 1
1183 62 -46 0 1
1183 62 -45 0 1
1183 62 -44 0 1
1183 62 -43 0 1
1183 62 -42 0 1
1183 62 -41 0 1
1183 62 -40 0 1
1183 63 -52 0 1
1183 63 -51 0 1
1183 63 -50 0 1
1183 63 -49 0 1
1183 63 -48 0 1
1183 63 -47 0 1
1183 63 -46 0 1
1183 63 -45 0 1
1183 63 -44 0 1
1183 63 -43 0 1
1183 63 -42 0 1
1183 63 -41 0 1
1183 63 -40 0 1
1183 64 -52 0 1
1183 64 -51 0 1
1183 64 -50 0 1
1183 64 -49 0 1
1183 64 -48 0 1
1183 64 -47 0 1
1183 64 -46 0 1
1183 64 -45 0 1
1183 64 -44 0 1
1183 64 -43 0 1
1183 64 -42 0 1
1183 64 -41 0 1
1183 64 -40 0 1
1183 65 -52 0 1
1183 65 -51 0 1
1183 65 -50 0 1
1183 65 -49 0 1
1183 65 -48 0 1
1183 65 -47 0 1
1183 65 -46 0 1
1183 65 -45 0 1
1183 65 -44 0 1
1183 65 -43 0 1
1183 65 -42 0 1
1183 65 -41 0 1
1183 65 -40 0 1
1183 66 -52 0 1
1183 66 -51 0 1
1183 66 -50 0 1
1183 66 -49 0 1
1183 66 -48 0 1
1183 66 -47 0 1
1183 66 -46 0 1
1183 66 -45 0 1
1183 66 -44 0 1
1183 66 -43 0 1
1183 66 -42 0 1
1183 66 -41 0 1
1183 66 -40 0 1
1183 67 -52 0 1
1183 67 -51 0 1
1183 67 -50 0 1
1183 67 -49 0 1
1183 67 -48 0 1
1183 67 -47 0 1
1183 67 -46 0 1
1183 67 -45 0 1
1183 67 -44 0 1
1183 67 -43 0 1
1183 67 -42 0 1
1183 67 -41 0 1
1183 67 -40 0 1
1183 52 -39 0 1
1183 52 -38 0 1
1183 52 -37 0 1
1183 52 -36 0 1
1183 52 -35 0 1
1183 52 -34 0 1
1183 52 -33 0 1
1183 52 -32 0 1
1183 52 -31 0 1
1183 52 -30 0 1
1183 52 -29 0 1
1183 52 -28 0 1
1183 52 -27 0 1
1183 52 -26 0 1
1183 52 -25 0 1
1183 52 -24 0 1
1183 53 -39 0 1
1183 53 -38 0 1
1183 53 -37 0 1
1183 53 -36 0 1
1183 53 -35 0 1
1183 53 -34 0 1
1183 53 -33 0 1
1183 53 -32 0 1
1183 53 -31 0 1
1183 53 -30 0 1
1183 53 -29 0 1
1183 53 -28 0 1
1183 53 -27 0 1
1183 53 -26 0 1
1183 53 -25 0 1
1183 53 -24 0 1
1183 54 -39 0 1
1183 54 -38 0 1
1183 54 -37 0 1
1183 54 -36 0 1
1183 54 -35 0 1
1183 54 -34 0 1
1183 54 -33 0 1
1183 54 -32 0 1
1183 54 -31 0 1
1183 54 -30 0 1
1183 54 -29 0 1
1183 54 -28 0 1
1183 54 -27 0 1
1183 54 -26 0 1
1183 54 -25 0 1
1183 54 -24 0 1
1183 55 -39 0 1
1183 55 -38 0 1
1183 55 -37 0 1
1183 55 -36 0 1
1183 55 -35 0 1
1183 55 -34 0 1
1183 55 -33 0 1
1183 55 -32 0 1
1183 55 -31 0 1
1183 55 -30 0 1
1183 55 -29 0 1
1183 55 -28 0 1
1183 55 -27 0 1
1183 55 -26 0 1
1183 55 -25 0 1
1183 55 -24 0 1
1183 56 -39 0 1
1183 56 -38 0 1
1183 56 -37 0 1
1183 56 -36 0 1
1183 56 -35 0 1
1183 56 -34 0 1
1183 56 -33 0 1
1183 56 -32 0 1
1183 56 -31 0 1
1183 56 -30 0 1
1183 56 -29 0 1
1183 56 -28 0 1
1183 56 -27 0 1
1183 56 -26 0 1
1183 56 -25 0 1
1183 56 -24 0 1
1183 57 -39 0 1
1183 57 -38 0 1
1183 57 -37 0 1
1183 57 -36 0 1
1183 57 -35 0 1
1183 57 -34 0 1
1183 57 -33 0 1
1183 57 -32 0 1
1183 57 -31 0 1
1183 57 -30 0 1
1183 57 -29 0 1
1183 57 -28 0 1
1183 57 -27 0 1
1183 57 -26 0 1
1183 57 -25 0 1
1183 57 -24 0 1
1183 58 -39 0 1
1183 58 -38 0 1
1183 58 -37 0 1
1183 58 -36 0 1
1183 58 -35 0 1
1183 58 -34 0 1
1183 58 -33 0 1
1183 58 -32 0 1
1183 58 -31 0 1
1183 58 -30 0 1
1183 58 -29 0 1
1183 58 -28 0 1
1183 58 -27 0 1
1183 58 -26 0 1
1183 58 -25 0 1
1183 58 -24 0 1
1183 59 -39 0 1
1183 59 -38 0 1
1183 59 -37 0 1
1183 59 -36 0 1
1183 59 -35 0 1
1183 59 -34 0 1
1183 59 -33 0 1
1183 59 -32 0 1
1183 59 -31 0 1
1183 59 -30 0 1
1183 59 -29 0 1
1183 59 -28 0 1
1183 59 -27 0 1
1183 59 -26 0 1
1183 59 -25 0 1
1183 59 -24 0 1
1183 60 -39 0 1
1183 60 -38 0 1
1183 60 -37 0 1
1183 60 -36 0 1
1183 60 -35 0 1
1183 60 -34 0 1
1183 60 -33 0 1
1183 60 -32 0 1
1183 60 -31 0 1
1183 60 -30 0 1
1183 60 -29 0 1
1183 60 -28 0 1
1183 60 -27 0 1
1183 60 -26 0 1
1183 60 -25 0 1
1183 60 -24 0 1
1183 61 -39 0 1
1183 61 -38 0 1
1183 61 -37 0 1
1183 61 -36 0 1
1183 61 -35 0 1
1183 61 -34 0 1
1183 61 -33 0 1
1183 61 -32 0 1
1183 61 -31 0 1
1183 61 -30 0 1
1183 61 -29 0 1
1183 61 -28 0 1
1183 61 -27 0 1
1183 61 -26 0 1
1183 61 -25 0 1
1183 61 -24 0 1
1183 62 -39 0 1
1183 62 -38 0 1
1183 62 -37 0 1
1183 62 -36 0 1
1183 62 -35 0 1
1183 62 -34 0 1
1183 62 -33 0 1
1183 62 -32 0 1
1183 62 -31 0 1
1183 62 -30 0 1
1183 62 -29 0 1
1183 62 -28 0 1
1183 62 -27 0 1
1183 62 -26 0 1
1183 62 -25 0 1
1183 62 -24 0 1
1183 63 -39 0 1
1183 63 -38 0 1
1183 63 -37 0 1
1183 63 -36 0 1
1183 63 -35 0 1
1183 63 -34 0 1
1183 63 -33 0 1
1183 63 -32 0 1
1183 63 -31 0 1
1183 63 -30 0 1
1183 63 -29 0 1
1183 63 -28 0 1
1183 63 -27 0 1
1183 63 -26 0 1
1183 63 -25 0 1
1183 63 -24 0 1
1183 64 -39 0 1
1183 64 -38 0 1
1183 64 -37 0 1
1183 64 -36 0 1
1183 64 -35 0 1
1183 64 -34 0 1
1183 64 -33 0 1
1183 64 -32 0 1
1183 64 -31 0 1
1183 64 -30 0 1
1183 64 -29 0 1
1183 64 -28 0 1
1183 64 -27 0 1
1183 64 -26 0 1
1183 64 -25 0 1
1183 64 -24 0 1
1183 65 -39 0 1
1183 65 -38 0 1
1183 65 -37 0 1
1183 65 -36 0 1
1183 65 -35 0 1
1183 65 -34 0 1
1183 65 -33 0 1
1183 65 -32 0 1
1183 65 -31 0 1
1183 65 -30 0 1
1183 65 -29 0 1
1183 65 -28 0 1
1183 65 -27 0 1
1183 65 -26 0 1
1183 65 -25 0 1
1183 65 -24 0 1
1183 66 -39 0 1
1183 66 -38 0 1
1183 66 -37 0 1
1183 66 -36 0 1
1183 66 -35 0 1
1183 66 -34 0 1
1183 66 -33 0 1
1183 66 -32 0 1
1183 66 -31 0 1
1183 66 -30 0 1
1183 66 -29 0 1
1183 66 -28 0 1
1183 66 -27 0 1
1183 66 -26 0 1
1183 66 -25 0 1
1183 66 -24 0 1
1183 67 -39 0 1
1183 67 -38 0 1
1183 67 -37 0 1
1183 67 -36 0 1
1183 67 -35 0 1
1183 67 -34 0 1
1183 67 -33 0 1
1183 67 -32 0 1
1183 67 -31 0 1
1183 67 -30 0 1
1183 67 -29 0 1
1183 67 -28 0 1
1183 67 -27 0 1
1183 67 -26 0 1
1183 67 -25 0 1
1183 67 -24 0 1
1183 52 -23 0 1
1183 52 -22 0 1
1183 52 -21 0 1
1183 52 -20 0 1
1183 52 -19 0 1
1183 52 -18 0 1
1183 52 -17 0 1
1183 52 -16 0 1
1183 52 -15 0 1
1183 52 -14 0 1
1183 52 -13 0 1
1183 52 -12 0 1
1183 52 -11 0 1
1183 52 -10 0 1
1183 52 -9 0 1
1183 52 -8 0 1
1183 53 -23 0 1
1183 53 -22 0 1
1183 53 -21 0 1
1183 53 -20 0 1
1183 53 -19 0 1
1183 53 -18 0 1
1183 53 -17 0 1
1183 53 -16 0 1
1183 53 -15 0 1
1183 53 -14 0 1
1183 53 -13 0 1
1183 53 -12 0 1
1183 53 -11 0 1
1183 53 -10 0 1
1183 53 -9 0 1
1183 53 -8 0 1
1183 54 -23 0 1
1183 54 -22 0 1
1183 54 -21 0 1
1183 54 -20 0 1
1183 54 -19 0 1
1183 54 -18 0 1
1183 54 -17 0 1
1183 54 -16 0 1
1183 54 -15 0 1
1183 54 -14 0 1
1183 54 -13 0 1
1183 54 -12 0 1
1183 54 -11 0 1
1183 54 -10 0 1
1183 54 -9 0 1
1183 54 -8 0 1
1183 55 -23 0 1
1183 55 -22 0 1
1183 55 -21 0 1
1183 55 -20 0 1
1183 55 -19 0 1
1183 55 -18 0 1
1183 55 -17 0 1
1183 55 -16 0 1
1183 55 -15 0 1
1183 55 -14 0 1
1183 55 -13 0 1
1183 55 -12 0 1
1183 55 -11 0 1
1183 55 -10 0 1
1183 55 -9 0 1
1183 55 -8 0 1
1183 56 -23 0 1
1183 56 -22 0 1
1183 56 -21 0 1
1183 56 -20 0 1
1183 56 -19 0 1
1183 56 -18 0 1
1183 56 -17 0 1
1183 56 -16 0 1
1183 56 -15 0 1
1183 56 -14 0 1
1183 56 -13 0 1
1183 56 -12 0 1
1183 56 -11 0 1
1183 56 -10 0 1
1183 56 -9 0 1
1183 56 -8 0 1
1183 57 -23 0 1
1183 57 -22 0 1
1183 57 -21 0 1
1183 57 -20 0 1
1183 57 -19 0 1
1183 57 -18 0 1
1183 57 -17 0 1
1183 57 -16 0 1
1183 57 -15 0 1
1183 57 -14 0 1
1183 57 -13 0 1
1183 57 -12 0 1
1183 57 -11 0 1
1183 57 -10 0 1
1183 57 -9 0 1
1183 57 -8 0 1
1183 58 -23 0 1
1183 58 -22 0 1
1183 58 -21 0 1
1183 58 -20 0 1
1183 58 -19 0 1
1183 58 -18 0 1
1183 58 -17 0 1
1183 58 -16 0 1
1183 58 -15 0 1
1183 58 -14 0 1
1183 58 -13 0 1
1183 58 -12 0 1
1183 58 -11 0 1
1183 58 -10 0 1
1183 58 -9 0 1
1183 58 -8 0 1
1183 59 -23 0 1
1183 59 -22 0 1
1183 59 -21 0 1
1183 59 -20 0 1
1183 59 -19 0 1
1183 59 -18 0 1
1183 59 -17 0 1
1183 59 -16 0 1
1183 59 -15 0 1
1183 59 -14 0 1
1183 59 -13 0 1
1183 59 -12 0 1
1183 59 -11 0 1
1183 59 -10 0 1
1183 59 -9 0 1
1183 59 -8 0 1
1183 60 -23 0 1
1183 60 -22 0 1
1183 60 -21 0 1
1183 60 -20 0 1
1183 60 -19 0 1
1183 60 -18 0 1
1183 60 -17 0 1
1183 60 -16 0 1
1183 60 -15 0 1
1183 60 -14 0 1
1183 60 -13 0 1
1183 60 -12 0 1
1183 60 -11 0 1
1183 60 -10 0 1
1183 60 -9 0 1
1183 60 -8 0 1
1183 61 -23 0 1
1183 61 -22 0 1
1183 61 -21 0 1
1183 61 -20 0 1
1183 61 -19 0 1
1183 61 -18 0 1
1183 61 -17 0 1
1183 61 -16 0 1
1183 61 -15 0 1
1183 61 -14 0 1
1183 61 -13 0 1
1183 61 -12 0 1
1183 61 -11 0 1
1183 61 -10 0 1
1183 61 -9 0 1
1183 61 -8 0 1
1183 62 -23 0 1
1183 62 -22 0 1
1183 62 -21 0 1
1183 62 -20 0 1
1183 62 -19 0 1
1183 62 -18 0 1
1183 62 -17 0 1
1183 62 -16 0 1
1183 62 -15 0 1
1183 62 -14 0 1
1183 62 -13 0 1
1183 62 -12 0 1
1183 62 -11 0 1
1183 62 -10 0 1
1183 62 -9 0 1
1183 62 -8 0 1
1183 63 -23 0 1
1183 63 -22 0 1
1183 63 -21 0 1
1183 63 -20 0 1
1183 63 -19 0 1
1183 63 -18 0 1
1183 63 -17 0 1
1183 63 -16 0 1
1183 63 -15 0 1
1183 63 -14 0 1
1183 63 -13 0 1
1183 63 -12 0 1
1183 63 -11 0 1
1183 63 -10 0 1
1183 63 -9 0 1
1183 63 -8 0 1
1183 64 -23 0 1
1183 64 -22 0 1
1183 64 -21 0 1
1183 64 -20 0 1
1183 64 -19 0 1
1183 64 -18 0 1
1183 64 -17 0 1
1183 64 -16 0 1
1183 64 -15 0 1
1183 64 -14 0 1
1183 64 -13 0 1
1183 64 -12 0 1
1183 64 -11 0 1
1183 64 -10 0 1
1183 64 -9 0 1
1183 64 -8 0 1
1183 65 -23 0 1
1183 65 -22 0 1
1183 65 -21 0 1
1183 65 -20 0 1
1183 65 -19 0 1
1183 65 -18 0 1
1183 65 -17 0 1
1183 65 -16 0 1
1183 65 -15 0 1
1183 65 -14 0 1
1183 65 -13 0 1
1183 65 -12 0 1
1183 65 -11 0 1
1183 65 -10 0 1
1183 65 -9 0 1
1183 65 -8 0 1
1183 66 -23 0 1
1183 66 -22 0 1
1183 66 -21 0 1
1183 66 -20 0 1
1183 66 -19 0 1
1183 66 -18 0 1
1183 66 -17 0 1
1183 66 -16 0 1
1183 66 -15 0 1
1183 66 -14 0 1
1183 66 -13 0 1
1183 66 -12 0 1
1183 66 -11 0 1
1183 66 -10 0 1
1183 66 -9 0 1
1183 66 -8 0 1
1183 67 -23 0 1
1183 67 -22 0 1
1183 67 -21 0 1
1183 67 -20 0 1
1183 67 -19 0 1
1183 67 -18 0 1
1183 67 -17 0 1
1183 67 -16 0 1
1183 67 -15 0 1
1183 67 -14 0 1
1183 67 -13 0 1
1183 67 -12 0 1
1183 67 -11 0 1
1183 67 -10 0 1
1183 67 -9 0 1
1183 67 -8 0 1
130 52 -2 0 1
130 53 -2 0 1
130 54 -2 0 1
130 55 -2 0 1
130 56 -2 0 1
130 57 -2 0 1
130 58 -2 0 1
130 59 -2 0 1
130 60 -2 0 1
130 61 -2 0 1
130 62 -2 0 1
130 63 -2 0 1
130 64 -2 0 1
130 65 -2 0 1
130 66 -2 0 1
130 67 -2 0 1
1183 52 -7 0 1
1183 52 -6 0 1
1183 52 -5 0 1
1183 52 -4 0 1
1183 52 -3 0 1
1183 52 -2 0 1
1183 53 -7 0 1
1183 53 -6 0 1
1183 53 -5 0 1
1183 53 -4 0 1
1183 53 -3 0 1
1183 53 -2 0 1
1183 54 -7 0 1
1183 54 -6 0 1
1183 54 -5 0 1
1183 54 -4 0 1
1183 54 -3 0 1
1183 54 -2 0 1
1183 55 -7 0 1
1183 55 -6 0 1
1183 55 -5 0 1
1183 55 -4 0 1
1183 55 -3 0 1
1183 55 -2 0 1
1183 56 -7 0 1
1183 56 -6 0 1
1183 56 -5 0 1
1183 56 -4 0 1
1183 56 -3 0 1
1183 56 -2 0 1
1183 57 -7 0 1
1183 57 -6 0 1
1183 57 -5 0 1
1183 57 -4 0 1
1183 57 -3 0 1
1183 57 -2 0 1
1183 58 -7 0 1
1183 58 -6 0 1
1183 58 -5 0 1
1183 58 -4 0 1
1183 58 -3 0 1
1183 58 -2 0 1
1183 59 -7 0 1
1183 59 -6 0 1
1183 59 -5 0 1
1183 59 -4 0 1
1183 59 -3 0 1
1183 59 -2 0 1
1183 60 -7 0 1
1183 60 -6 0 1
1183 60 -5 0 1
1183 60 -4 0 1
1183 60 -3 0 1
1183 60 -2 0 1
1183 61 -7 0 1
1183 61 -6 0 1
1183 61 -5 0 1
1183 61 -4 0 1
1183 61 -3 0 1
1183 61 -2 0 1
1183 62 -7 0 1
1183 62 -6 0 1
1183 62 -5 0 1
1183 62 -4 0 1
1183 62 -3 0 1
1183 62 -2 0 1
1183 63 -7 0 1
1183 63 -6 0 1
1183 63 -5 0 1
1183 63 -4 0 1
1183 63 -3 0 1
1183 63 -2 0 1
1183 64 -7 0 1
1183 64 -6 0 1
1183 64 -5 0 1
1183 64 -4 0 1
1183 64 -3 0 1
1183 64 -2 0 1
1183 65 -7 0 1
1183 65 -6 0 1
1183 65 -5 0 1
1183 65 -4 0 1
1183 65 -3 0 1
1183 65 -2 0 1
1183 66 -7 0 1
1183 66 -6 0 1
1183 66 -5 0 1
1183 66 -4 0 1
1183 66 -3 0 1
1183 66 -2 0 1
1183 67 -7 0 1
1183 67 -6 0 1
1183 67 -5 0 1
1183 67 -4 0 1
1183 67 -3 0 1
1183 67 -2 0 1
130 68 -52 0 1
130 69 -52 0 1
130 70 -52 0 1
130 71 -52 0 1
130 72 -52 0 1
130 73 -52 0 1
130 74 -52 0 1
130 75 -52 0 1
130 76 -52 0 1
130 77 -52 0 1
130 78 -52 0 1
130 79 -52 0 1
130 80 -52 0 1
130 81 -52 0 1
130 82 -52 0 1
130 83 -52 0 1
1183 68 -52 0 1
1183 68 -51 0 1
1183 68 -50 0 1
1183 68 -49 0 1
1183 68 -48 0 1
1183 68 -47 0 1
1183 68 -46 0 1
1183 68 -45 0 1
1183 68 -44 0 1
1183 68 -43 0 1
1183 68 -42 0 1
1183 68 -41 0 1
1183 68 -40 0 1
1183 69 -52 0 1
1183 69 -51 0 1
1183 69 -50 0 1
1183 69 -49 0 1
1183 69 -48 0 1
1183 69 -47 0 1
1183 69 -46 0 1
1183 69 -45 0 1
1183 69 -44 0 1
1183 69 -43 0 1
1183 69 -42 0 1
1183 69 -41 0 1
1183 69 -40 0 1
1183 70 -52 0 1
1183 70 -51 0 1
1183 70 -50 0 1
1183 70 -49 0 1
1183 70 -48 0 1
1183 70 -47 0 1
1183 70 -46 0 1
1183 70 -45 0 1
1183 70 -44 0 1
1183 70 -43 0 1
1183 70 -42 0 1
1183 70 -41 0 1
1183 70 -40 0 1
1183 71 -52 0 1
1183 71 -51 0 1
1183 71 -50 0 1
1183 71 -49 0 1
1183 71 -48 0 1
1183 71 -47 0 1
1183 71 -46 0 1
1183 71 -45 0 1
1183 71 -44 0 1
1183 71 -43 0 1
1183 71 -42 0 1
1183 71 -41 0 1
1183 71 -40 0 1
1183 72 -52 0 1
1183 72 -51 0 1
1183 72 -50 0 1
1183 72 -49 0 1
1183 72 -48 0 1
1183 72 -47 0 1
1183 72 -46 0 1
1183 72 -45 0 1
1183 72 -44 0 1
1183 72 -43 0 1
1183 72 -42 0 1
1183 72 -41 0 1
1183 72 -40 0 1
1183 73 -52 0 1
1183 73 -51 0 1
1183 73 -50 0 1
1183 73 -49 0 1
1183 73 -48 0 1
1183 73 -47 0 1
1183 73 -46 0 1
1183 73 -45 0 1
1183 73 -44 0 1
1183 73 -43 0 1
1183 73 -42 0 1
1183 73 -41 0 1
1183 73 -40 0 1
1183 74 -52 0 1
1183 74 -51 0 1
1183 74 -50 0 1
1183 74 -49 0 1
1183 74 -48 0 1
1183 74 -47 0 1
1183 74 -46 0 1
1183 74 -45 0 1
1183 74 -44 0 1
1183 74 -43 0 1
1183 74 -42 0 1
1183 74 -41 0 1
1183 74 -40 0 1
1183 75 -52 0 1
1183 75 -51 0 1
1183 75 -50 0 1
1183 75 -49 0 1
1183 75 -48 0 1
1183 75 -47 0 1
1183 75 -46 0 1
1183 75 -45 0 1
1183 75 -44 0 1
1183 75 -43 0 1
1183 75 -42 0 1
1183 75 -41 0 1
1183 75 -40 0 1
1183 76 -52 0 1
1183 76 -51 0 1
1183 76 -50 0 1
1183 76 -49 0 1
1183 76 -48 0 1
1183 76 -47 0 1
1183 76 -46 0 1
1183 76 -45 0 1
1183 76 -44 0 1
1183 76 -43 0 1
1183 76 -42 0 1
1183 76 -41 0 1
1183 76 -40 0 1
1183 77 -52 0 1
1183 77 -51 0 1
1183 77 -50 0 1
1183 77 -49 0 1
1183 77 -48 0 1
1183 77 -47 0 1
1183 77 -46 0 1
1183 77 -45 0 1
1183 77 -44 0 1
1183 77 -43 0 1
1183 77 -42 0 1
1183 77 -41 0 1
1183 77 -40 0 1
1183 78 -52 0 1
1183 78 -51 0 1
1183 78 -50 0 1
1183 78 -49 0 1
1183 78 -48 0 1
1183 78 -47 0 1
1183 78 -46 0 1
1183 78 -45 0 1
1183 78 -44 0 1
1183 78 -43 0 1
1183 78 -42 0 1
1183 78 -41 0 1
1183 78 -40 0 1
1183 79 -52 0 1
1183 79 -51 0 1
1183 79 -50 0 1
1183 79 -49 0 1
1183 79 -48 0 1
1183 79 -47 0 1
1183 79 -46 0 1
1183 79 -45 0 1
1183 79 -44 0 1
1183 79 -43 0 1
1183 79 -42 0 1
1183 79 -41 0 1
1183 79 -40 0 1
1183 80 -52 0 1
1183 80 -51 0 1
1183 80 -50 0 1
1183 80 -49 0 1
1183 80 -48 0 1
1183 80 -47 0 1
1183 80 -46 0 1
1183 80 -45 0 1
1183 80 -44 0 1
1183 80 -43 0 1
1183 80 -42 0 1
1183 80 -41 0 1
1183 80 -40 0 1
1183 81 -52 0 1
1183 81 -51 0 1
1183 81 -50 0 1
1183 81 -49 0 1
1183 81 -48 0 1
1183 81 -47 0 1
1183 81 -46 0 1
1183 81 -45 0 1
1183 81 -44 0 1
1183 81 -43 0 1
1183 81 -42 0 1
1183 81 -41 0 1
1183 81 -40 0 1
1183 82 -52 0 1
1183 82 -51 0 1
1183 82 -50 0 1
1183 82 -49 0 1
1183 82 -48 0 1
1183 82 -47 0 1
1183 82 -46 0 1
1183 82 -45 0 1
1183 82 -44 0 1
1183 82 -43 0 1
1183 82 -42 0 1
1183 82 -41 0 1
1183 82 -40 0 1
1183 83 -52 0 1
1183 83 -51 0 1
1183 83 -50 0 1
1183 83 -49 0 1
1183 83 -48 0 1
1183 83 -47 0 1
1183 83 -46 0 1
1183 83 -45 0 1
1183 83 -44 0 1
1183 83 -43 0 1
1183 83 -42 0 1
1183 83 -41 0 1
1183 83 -40 0 1
1183 68 -39 0 1
1183 68 -38 0 1
1183 68 -37 0 1
1183 68 -36 0 1
1183 68 -35 0 1
1183 68 -34 0 1
1183 68 -33 0 1
1183 68 -32 0 1
1183 68 -31 0 1
1183 68 -30 0 1
1183 68 -29 0 1
1183 68 -28 0 1
1183 68 -27 0 1
1183 68 -26 0 1
1183 68 -25 0 1
1183 68 -24 0 1
1183 69 -39 0 1
1183 69 -38 0 1
1183 69 -37 0 1
1183 69 -36 0 1
1183 69 -35 0 1
1183 69 -34 0 1
1183 69 -33 0 1
1183 69 -32 0 1
1183 69 -31 0 1
1183 69 -30 0 1
1183 69 -29 0 1
1183 69 -28 0 1
1183 69 -27 0 1
1183 69 -26 0 1
1183 69 -25 0 1
1183 69 -24 0 1
1183 70 -39 0 1
1183 70 -38 0 1
1183 70 -37 0 1
1183 70 -36 0 1
1183 70 -35 0 1
1183 70 -34 0 1
1183 70 -33 0 1
1183 70 -32 0 1
1183 70 -31 0 1
1183 70 -30 0 1
1183 70 -29 0 1
1183 70 -28 0 1
1183 70 -27 0 1
1183 70 -26 0 1
1183 70 -25 0 1
1183 70 -24 0 1
1183 71 -39 0 1
1183 71 -38 0 1
1183 71 -37 0 1
1183 71 -36 0 1
1183 71 -35 0 1
1183 71 -34 0 1
1183 71 -33 0 1
1183 71 -32 0 1
1183 71 -31 0 1
1183 71 -30 0 1
1183 71 -29 0 1
1183 71 -28 0 1
1183 71 -27 0 1
1183 71 -26 0 1
1183 71 -25 0 1
1183 71 -24 0 1
1183 72 -39 0 1
1183 72 -38 0 1
1183 72 -37 0 1
1183 72 -36 0 1
1183 72 -35 0 1
1183 72 -34 0 1
1183 72 -33 0 1
1183 72 -32 0 1
1183 72 -31 0 1
1183 72 -30 0 1
1183 72 -29 0 1
1183 72 -28 0 1
1183 72 -27 0 1
1183 72 -26 0 1
1183 72 -25 0 1
1183 72 -24 0 1
1183 73 -39 0 1
1183 73 -38 0 1
1183 73 -37 0 1
1183 73 -36 0 1
1183 73 -35 0 1
1183 73 -34 0 1
1183 73 -33 0 1
1183 73 -32 0 1
1183 73 -31 0 1
1183 73 -30 0 1
1183 73 -29 0 1
1183 73 -28 0 1
1183 73 -27 0 1
1183 73 -26 0 1
1183 73 -25 0 1
1183 73 -24 0 1
1183 74 -39 0 1
1183 74 -38 0 1
1183 74 -37 0 1
1183 74 -36 0 1
1183 74 -35 0 1
1183 74 -34 0 1
1183 74 -33 0 1
1183 74 -32 0 1
1183 74 -31 0 1
1183 74 -30 0 1
1183 74 -29 0 1
1183 74 -28 0 1
1183 74 -27 0 1
1183 74 -26 0 1
1183 74 -25 0 1
1183 74 -24 0 1
1183 75 -39 0 1
1183 75 -38 0 1
1183 75 -37 0 1
1183 75 -36 0 1
1183 75 -35 0 1
1183 75 -34 0 1
1183 75 -33 0 1
1183 75 -32 0 1
1183 75 -31 0 1
1183 75 -30 0 1
1183 75 -29 0 1
1183 75 -28 0 1
1183 75 -27 0 1
1183 75 -26 0 1
1183 75 -25 0 1
1183 75 -24 0 1
1183 76 -39 0 1
1183 76 -38 0 1
1183 76 -37 0 1
1183 76 -36 0 1
1183 76 -35 0 1
1183 76 -34 0 1
1183 76 -33 0 1
1183 76 -32 0 1
1183 76 -31 0 1
1183 76 -30 0 1
1183 76 -29 0 1
1183 76 -28 0 1
1183 76 -27 0 1
1183 76 -26 0 1
1183 76 -25 0 1
1183 76 -24 0 1
1183 77 -39 0 1
1183 77 -38 0 1
1183 77 -37 0 1
1183 77 -36 0 1
1183 77 -35 0 1
1183 77 -34 0 1
1183 77 -33 0 1
1183 77 -32 0 1
1183 77 -31 0 1
1183 77 -30 0 1
1183 77 -29 0 1
1183 77 -28 0 1
1183 77 -27 0 1
1183 77 -26 0 1
1183 77 -25 0 1
1183 77 -24 0 1
1183 78 -39 0 1
1183 78 -38 0 1
1183 78 -37 0 1
1183 78 -36 0 1
1183 78 -35 0 1
1183 78 -34 0 1
1183 78 -33 0 1
1183 78 -32 0 1
1183 78 -31 0 1
1183 78 -30 0 1
1183 78 -29 0 1
1183 78 -28 0 1
1183 78 -27 0 1
1183 78 -26 0 1
1183 78 -25 0 1
1183 78 -24 0 1
1183 79 -39 0 1
1183 79 -38 0 1
1183 79 -37 0 1
1183 79 -36 0 1
1183 79 -35 0 1
1183 79 -34 0 1
1183 79 -33 0 1
1183 79 -32 0 1
1183 79 -31 0 1
1183 79 -30 0 1
1183 79 -29 0 1
1183 79 -28 0 1
1183 79 -27 0 1
1183 79 -26 0 1
1183 79 -25 0 1
1183 79 -24 0 1
1183 80 -39 0 1
1183 80 -38 0 1
1183 80 -37 0 1
1183 80 -36 0 1
1183 80 -35 0 1
1183 80 -34 0 1
1183 80 -33 0 1
1183 80 -32 0 1
1183 80 -31 0 1
1183 80 -30 0 1
1183 80 -29 0 1
1183 80 -28 0 1
1183 80 -27 0 1
1183 80 -26 0 1
1183 80 -25 0 1
1183 80 -24 0 1
1183 81 -39 0 1
1183 81 -38 0 1
1183 81 -37 0 1
1183 81 -36 0 1
1183 81 -35 0 1
1183 81 -34 0 1
1183 81 -33 0 1
1183 81 -32 0 1
1183 81 -31 0 1
1183 81 -30 0 1
1183 81 -29 0 1
1183 81 -28 0 1
1183 81 -27 0 1
1183 81 -26 0 1
1183 81 -25 0 1
1183 81 -24 0 1
1183 82 -39 0 1
1183 82 -38 0 1
1183 82 -37 0 1
1183 82 -36 0 1
1183 82 -35 0 1
1183 82 -34 0 1
1183 82 -33 0 1
1183 82 -32 0 1
1183 82 -31 0 1
1183 82 -30 0 1
1183 82 -29 0 1
1183 82 -28 0 1
1183 82 -27 0 1
1183 82 -26 0 1
1183 82 -25 0 1
1183 82 -24 0 1
1183 83 -39 0 1
1183 83 -38 0 1
1183 83 -37 0 1
1183 83 -36 0 1
1183 83 -35 0 1
1183 83 -34 0 1
1183 83 -33 0 1
1183 83 -32 0 1
1183 83 -31 0 1
1183 83 -30 0 1
1183 83 -29 0 1
1183 83 -28 0 1
1183 83 -27 0 1
1183 83 -26 0 1
1183 83 -25 0 1
1183 83 -24 0 1
1183 68 -23 0 1
1183 68 -22 0 1
1183 68 -21 0 1
1183 68 -20 0 1
1183 68 -19 0 1
1183 68 -18 0 1
1183 68 -17 0 1
1183 68 -16 0 1
1183 68 -15 0 1
1183 68 -14 0 1
1183 68 -13 0 1
1183 68 -12 0 1
1183 68 -11 0 1
1183 68 -10 0 1
1183 68 -9 0 1
1183 68 -8 0 1
1183 69 -23 0 1
1183 69 -22 0 1
1183 69 -21 0 1
1183 69 -20 0 1
1183 69 -19 0 1
1183 69 -18 0 1
1183 69 -17 0 1
1183 69 -16 0 1
1183 69 -15 0 1
1183 69 -14 0 1
1183 69 -13 0 1
1183 69 -12 0 1
1183 69 -11 0 1
1183 69 -10 0 1
1183 69 -9 0 1
1183 69 -8 0 1
1183 70 -23 0 1
1183 70 -22 0 1
1183 70 -21 0 1
1183 70 -20 0 1
1183 70 -19 0 1
1183 70 -18 0 1
1183 70 -17 0 1
1183 70 -16 0 1
1183 70 -15 0 1
1183 70 -14 0 1
1183 70 -13 0 1
1183 70 -12 0 1
1183 70 -11 0 1
1183 70 -10 0 1
1183 70 -9 0 1
1183 70 -8 0 1
1183 71 -23 0 1
1183 71 -22 0 1
1183 71 -21 0 1
1183 71 -20 0 1
1183 71 -19 0 1
1183 71 -18 0 1
1183 71 -17 0 1
1183 71 -16 0 1
1183 71 -15 0 1
1183 71 -14 0 1
1183 71 -13 0 1
1183 71 -12 0 1
1183 71 -11 0 1
1183 71 -10 0 1
1183 71 -9 0 1
1183 71 -8 0 1
1183 72 -23 0 1
1183 72 -22 0 1
1183 72 -21 0 1
1183 72 -20 0 1
1183 72 -19 0 1
1183 72 -18 0 1
1183 72 -17 0 1
1183 72 -16 0 1
1183 72 -15 0 1
1183 72 -14 0 1
1183 72 -13 0 1
1183 72 -12 0 1
1183 72 -11 0 1
1183 72 -10 0 1
1183 72 -9 0 1
1183 72 -8 0 1
1183 73 -23 0 1
1183 73 -22 0 1
1183 73 -21 0 1
1183 73 -20 0 1
1183 73 -19 0 1
1183 73 -18 0 1
1183 73 -17 0 1
1183 73 -16 0 1
1183 73 -15 0 1
1183 73 -14 0 1
1183 73 -13 0 1
1183 73 -12 0 1
1183 73 -11 0 1
1183 73 -10 0 1
1183 73 -9 0 1
1183 73 -8 0 1
1183 74 -23 0 1
1183 74 -22 0 1
1183 74 -21 0 1
1183 74 -20 0 1
1183 74 -19 0 1
1183 74 -18 0 1
1183 74 -17 0 1
1183 74 -16 0 1
1183 74 -15 0 1
1183 74 -14 0 1
1183 74 -13 0 1
1183 74 -12 0 1
1183 74 -11 0 1
1183 74 -10 0 1
1183 74 -9 0 1
1183 74 -8 0 1
1183 75 -23 0 1
1183 75 -22 0 1
1183 75 -21 0 1
1183 75 -20 0 1
1183 75 -19 0 1
1183 75 -18 0 1
1183 75 -17 0 1
1183 75 -16 0 1
1183 75 -15 0 1
1183 75 -14 0 1
1183 75 -13 0 1
1183 75 -12 0 1
1183 75 -11 0 1
1183 75 -10 0 1
1183 75 -9 0 1
1183 75 -8 0 1
1183 76 -23 0 1
1183 76 -22 0 1
1183 76 -21 0 1
1183 76 -20 0 1
1183 76 -19 0 1
1183 76 -18 0 1
1183 76 -17 0 1
1183 76 -16 0 1
1183 76 -15 0 1
1183 76 -14 0 1
1183 76 -13 0 1
1183 76 -12 0 1
1183 76 -11 0 1
1183 76 -10 0 1
1183 76 -9 0 1
1183 76 -8 0 1
1183 77 -23 0 1
1183 77 -22 0 1
1183 77 -21 0 1
1183 77 -20 0 1
1183 77 -19 0 1
1183 77 -18 0 1
1183 77 -17 0 1
1183 77 -16 0 1
1183 77 -15 0 1
1183 77 -14 0 1
1183 77 -13 0 1
1183 77 -12 0 1
1183 77 -11 0 1
1183 77 -10 0 1
1183 77 -9 0 1
1183 77 -8 0 1
1183 78 -23 0 1
1183 78 -22 0 1
1183 78 -21 0 1
1183 78 -20 0 1
1183 78 -19 0 1
1183 78 -18 0 1
1183 78 -17 0 1
1183 78 -16 0 1
1183 78 -15 0 1
1183 78 -14 0 1
1183 78 -13 0 1
1183 78 -12 0 1
1183 78 -11 0 1
1183 78 -10 0 1
1183 78 -9 0 1
1183 78 -8 0 1
1183 79 -23 0 1
1183 79 -22 0 1
1183 79 -21 0 1
1183 79 -20 0 1
1183 79 -19 0 1
1183 79 -18 0 1
1183 79 -17 0 1
1183 79 -16 0 1
1183 79 -15 0 1
1183 79 -14 0 1
1183 79 -13 0 1
1183 79 -12 0 1
1183 79 -11 0 1
1183 79 -10 0 1
1183 79 -9 0 1
1183 79 -8 0 1
1183 80 -23 0 1
1183 80 -22 0 1
1183 80 -21 0 1
1183 80 -20 0 1
1183 80 -19 0 1
1183 80 -18 0 1
1183 80 -17 0 1
1183 80 -16 0 1
1183 80 -15 0 1
1183 80 -14 0 1
1183 80 -13 0 1
1183 80 -12 0 1
1183 80 -11 0 1
1183 80 -10 0 1
1183 80 -9 0 1
1183 80 -8 0 1
1183 81 -23 0 1
1183 81 -22 0 1
1183 81 -21 0 1
1183 81 -20 0 1
1183 81 -19 0 1
1183 81 -18 0 1
1183 81 -17 0 1
1183 81 -16 0 1
1183 81 -15 0 1
1183 81 -14 0 1
1183 81 -13 0 1
1183 81 -12 0 1
1183 81 -11 0 1
1183 81 -10 0 1
1183 81 -9 0 1
1183 81 -8 0 1
1183 82 -23 0 1
1183 82 -22 0 1
1183 82 -21 0 1
1183 82 -20 0 1
1183 82 -19 0 1
1183 82 -18 0 1
1183 82 -17 0 1
1183 82 -16 0 1
1183 82 -15 0 1
1183 82 -14 0 1
1183 82 -13 0 1
1183 82 -12 0 1
1183 82 -11 0 1
1183 82 -10 0 1
1183 82 -9 0 1
1183 82 -8 0 1
1183 83 -23 0 1
1183 83 -22 0 1
1183 83 -21 0 1
1183 83 -20 0 1
1183 83 -19 0 1
1183 83 -18 0 1
1183 83 -17 0 1
1183 83 -16 0 1
1183 83 -15 0 1
1183 83 -14 0 1
1183 83 -13 0 1
1183 83 -12 0 1
1183 83 -11 0 1
1183 83 -10 0 1
1183 83 -9 0 1
1183 83 -8 0 1
130 68 -2 0 1
130 69 -2 0 1
130 70 -2 0 1
130 71 -2 0 1
130 72 -2 0 1
130 73 -2 0 1
130 74 -2 0 1
130 75 -2 0 1
130 76 -2 0 1
130 77 -2 0 1
130 78 -2 0 1
130 79 -2 0 1
130 80 -2 0 1
130 81 -2 0 1
130 82 -2 0 1
130 83 -2 0 1
1183 68 -7 0 1
1183 68 -6 0 1
1183 68 -5 0 1
1183 68 -4 0 1
1183 68 -3 0 1
1183 68 -2 0 1
1183 69 -7 0 1
1183 69 -6 0 1
1183 69 -5 0 1
1183 69 -4 0 1
1183 69 -3 0 1
1183 69 -2 0 1
1183 70 -7 0 1
1183 70 -6 0 1
1183 70 -5 0 1
1183 70 -4 0 1
1183 70 -3 0 1
1183 70 -2 0 1
1183 71 -7 0 1
1183 71 -6 0 1
1183 71 -5 0 1
1183 71 -4 0 1
1183 71 -3 0 1
1183 71 -2 0 1
1183 72 -7 0 1
1183 72 -6 0 1
1183 72 -5 0 1
1183 72 -4 0 1
1183 72 -3 0 1
1183 72 -2 0 1
1183 73 -7 0 1
1183 73 -6 0 1
1183 73 -5 0 1
1183 73 -4 0 1
1183 73 -3 0 1
1183 73 -2 0 1
1183 74 -7 0 1
1183 74 -6 0 1
1183 74 -5 0 1
1183 74 -4 0 1
1183 74 -3 0 1
1183 74 -2 0 1
1183 75 -7 0 1
1183 75 -6 0 1
1183 75 -5 0 1
1183 75 -4 0 1
1183 75 -3 0 1
1183 75 -2 0 1
1183 76 -7 0 1
1183 76 -6 0 1
1183 76 -5 0 1
1183 76 -4 0 1
1183 76 -3 0 1
1183 76 -2 0 1
1183 77 -7 0 1
1183 77 -6 0 1
1183 77 -5 0 1
1183 77 -4 0 1
1183 77 -3 0 1
1183 77 -2 0 1
1183 78 -7 0 1
1183 78 -6 0 1
1183 78 -5 0 1
1183 78 -4 0 1
1183 78 -3 0 1
1183 78 -2 0 1
1183 79 -7 0 1
1183 79 -6 0 1
1183 79 -5 0 1
1183 79 -4 0 1
1183 79 -3 0 1
1183 79 -2 0 1
1183 80 -7 0 1
1183 80 -6 0 1
1183 80 -5 0 1
1183 80 -4 0 1
1183 80 -3 0 1
1183 80 -2 0 1
1183 81 -7 0 1
1183 81 -6 0 1
1183 81 -5 0 1
1183 81 -4 0 1
1183 81 -3 0 1
1183 81 -2 0 1
1183 82 -7 0 1
1183 82 -6 0 1
1183 82 -5 0 1
1183 82 -4 0 1
1183 82 -3 0 1
1183 82 -2 0 1
1183 83 -7 0 1
1183 83 -6 0 1
1183 83 -5 0 1
1183 83 -4 0 1
1183 83 -3 0 1
1183 83 -2 0 1
130 84 -52 0 1
130 85 -52 0 1
130 86 -52 0 1
130 87 -52 0 1
130 88 -52 0 1
130 89 -52 0 1
130 90 -52 0 1
130 91 -52 0 1
130 92 -52 0 1
130 93 -52 0 1
130 94 -52 0 1
130 95 -52 0 1
130 96 -52 0 1
130 96 -52 0 1
130 97 -52 0 1
130 97 -51 0 1
130 97 -50 0 1
130 97 -49 0 1
130 97 -48 0 1
130 97 -47 0 1
130 97 -46 0 1
130 97 -45 0 1
130 97 -44 0 1
130 97 -43 0 1
130 97 -42 0 1
130 97 -41 0 1
130 97 -40 0 1
130 98 -42 0 1
130 99 -42 0 1
1183 84 -52 0 1
1183 84 -51 0 1
1183 84 -50 0 1
1183 84 -49 0 1
1183 84 -48 0 1
1183 84 -47 0 1
1183 84 -46 0 1
1183 84 -45 0 1
1183 84 -44 0 1
1183 84 -43 0 1
1183 84 -42 0 1
1183 84 -41 0 1
1183 84 -40 0 1
1183 85 -52 0 1
1183 85 -51 0 1
1183 85 -50 0 1
1183 85 -49 0 1
1183 85 -48 0 1
1183 85 -47 0 1
1183 85 -46 0 1
1183 85 -45 0 1
1183 85 -44 0 1
1183 85 -43 0 1
1183 85 -42 0 1
1183 85 -41 0 1
1183 85 -40 0 1
1183 86 -52 0 1
1183 86 -51 0 1
1183 86 -50 0 1
1183 86 -49 0 1
1183 86 -48 0 1
1183 86 -47 0 1
1183 86 -46 0 1
1183 86 -45 0 1
1183 86 -44 0 1
1183 86 -43 0 1
1183 86 -42 0 1
1183 86 -41 0 1
1183 86 -40 0 1
1183 87 -52 0 1
1183 87 -51 0 1
1183 87 -50 0 1
1183 87 -49 0 1
1183 87 -48 0 1
1183 87 -47 0 1
1183 87 -46 0 1
1183 87 -45 0 1
1183 87 -44 0 1
1183 87 -43 0 1
1183 87 -42 0 1
1183 87 -41 0 1
1183 87 -40 0 1
1183 88 -52 0 1
1183 88 -51 0 1
1183 88 -50 0 1
1183 88 -49 0 1
1183 88 -48 0 1
1183 88 -47 0 1
1183 88 -46 0 1
1183 88 -45 0 1
1183 88 -44 0 1
1183 88 -43 0 1
1183 88 -42 0 1
1183 88 -41 0 1
1183 88 -40 0 1
1183 89 -52 0 1
1183 89 -51 0 1
1183 89 -50 0 1
1183 89 -49 0 1
1183 89 -48 0 1
1183 89 -47 0 1
1183 89 -46 0 1
1183 89 -45 0 1
1183 89 -44 0 1
1183 89 -43 0 1
1183 89 -42 0 1
1183 89 -41 0 1
1183 89 -40 0 1
1183 90 -52 0 1
1183 90 -51 0 1
1183 90 -50 0 1
1183 90 -49 0 1
1183 90 -48 0 1
1183 90 -47 0 1
1183 90 -46 0 1
1183 90 -45 0 1
1183 90 -44 0 1
1183 90 -43 0 1
1183 90 -42 0 1
1183 90 -41 0 1
1183 90 -40 0 1
1183 91 -52 0 1
1183 91 -51 0 1
1183 91 -50 0 1
1183 91 -49 0 1
1183 91 -48 0 1
1183 91 -47 0 1
1183 91 -46 0 1
1183 91 -45 0 1
1183 91 -44 0 1
1183 91 -43 0 1
1183 91 -42 0 1
1183 91 -41 0 1
1183 91 -40 0 1
1183 92 -52 0 1
1183 92 -51 0 1
1183 92 -50 0 1
1183 92 -49 0 1
1183 92 -48 0 1
1183 92 -47 0 1
1183 92 -46 0 1
1183 92 -45 0 1
1183 92 -44 0 1
1183 92 -43 0 1
1183 92 -42 0 1
1183 92 -41 0 1
1183 92 -40 0 1
1183 93 -52 0 1
1183 93 -51 0 1
1183 93 -50 0 1
1183 93 -49 0 1
1183 93 -48 0 1
1183 93 -47 0 1
1183 93 -46 0 1
1183 93 -45 0 1
1183 93 -44 0 1
1183 93 -43 0 1
1183 93 -42 0 1
1183 93 -41 0 1
1183 93 -40 0 1
1183 94 -52 0 1
1183 94 -51 0 1
1183 94 -50 0 1
1183 94 -49 0 1
1183 94 -48 0 1
1183 94 -47 0 1
1183 94 -46 0 1
1183 94 -45 0 1
1183 94 -44 0 1
1183 94 -43 0 1
1183 94 -42 0 1
1183 94 -41 0 1
1183 94 -40 0 1
1183 95 -52 0 1
1183 95 -51 0 1
1183 95 -50 0 1
1183 95 -49 0 1
1183 95 -48 0 1
1183 95 -47 0 1
1183 95 -46 0 1
1183 95 -45 0 1
1183 95 -44 0 1
1183 95 -43 0 1
1183 95 -42 0 1
1183 95 -41 0 1
1183 95 -40 0 1
1183 96 -52 0 1
1183 96 -51 0 1
1183 96 -50 0 1
1183 96 -49 0 1
1183 96 -48 0 1
1183 96 -47 0 1
1183 96 -46 0 1
1183 96 -45 0 1
1183 96 -44 0 1
1183 96 -43 0 1
1183 96 -42 0 1
1183 96 -41 0 1
1183 96 -40 0 1
1183 97 -52 0 1
1183 97 -51 0 1
1183 97 -50 0 1
1183 97 -49 0 1
1183 97 -48 0 1
1183 97 -47 0 1
1183 97 -46 0 1
1183 97 -45 0 1
1183 97 -44 0 1
1183 97 -43 0 1
1183 97 -42 0 1
1183 97 -41 0 1
1183 97 -40 0 1
1183 98 -52 0 1
1183 98 -51 0 1
1183 98 -50 0 1
1183 98 -49 0 1
1183 98 -48 0 1
1183 98 -47 0 1
1183 98 -46 0 1
1183 98 -45 0 1
1183 98 -44 0 1
1183 98 -43 0 1
1183 98 -42 0 1
1183 99 -52 0 1
1183 99 -51 0 1
1183 99 -50 0 1
1183 99 -49 0 1
1183 99 -48 0 1
1183 99 -47 0 1
1183 99 -46 0 1
1183 99 -45 0 1
1183 99 -44 0 1
1183 99 -43 0 1
1183 99 -42 0 1
130 97 -39 0 1
130 97 -38 0 1
130 97 -37 0 1
130 97 -36 0 1
130 97 -35 0 1
130 97 -34 0 1
130 97 -33 0 1
130 97 -32 0 1
130 97 -31 0 1
130 97 -30 0 1
130 97 -29 0 1
130 97 -28 0 1
130 97 -27 0 1
130 97 -26 0 1
130 97 -25 0 1
130 97 -24 0 1
1183 84 -39 0 1
1183 84 -38 0 1
1183 84 -37 0 1
1183 84 -36 0 1
1183 84 -35 0 1
1183 84 -34 0 1
1183 84 -33 0 1
1183 84 -32 0 1
1183 84 -31 0 1
1183 84 -30 0 1
1183 84 -29 0 1
1183 84 -28 0 1
1183 84 -27 0 1
1183 84 -26 0 1
1183 84 -25 0 1
1183 84 -24 0 1
1183 85 -39 0 1
1183 85 -38 0 1
1183 85 -37 0 1
1183 85 -36 0 1
1183 85 -35 0 1
1183 85 -34 0 1
1183 85 -33 0 1
1183 85 -32 0 1
1183 85 -31 0 1
1183 85 -30 0 1
1183 85 -29 0 1
1183 85 -28 0 1
1183 85 -27 0 1
1183 85 -26 0 1
1183 85 -25 0 1
1183 85 -24 0 1
1183 86 -39 0 1
1183 86 -38 0 1
1183 86 -37 0 1
1183 86 -36 0 1
1183 86 -35 0 1
1183 86 -34 0 1
1183 86 -33 0 1
1183 86 -32 0 1
1183 86 -31 0 1
1183 86 -30 0 1
1183 86 -29 0 1
1183 86 -28 0 1
1183 86 -27 0 1
1183 86 -26 0 1
1183 86 -25 0 1
1183 86 -24 0 1
1183 87 -39 0 1
1183 87 -38 0 1
1183 87 -37 0 1
1183 87 -36 0 1
1183 87 -35 0 1
1183 87 -34 0 1
1183 87 -33 0 1
1183 87 -32 0 1
1183 87 -31 0 1
1183 87 -30 0 1
1183 87 -29 0 1
1183 87 -28 0 1
1183 87 -27 0 1
1183 87 -26 0 1
1183 87 -25 0 1
1183 87 -24 0 1
1183 88 -39 0 1
1183 88 -38 0 1
1183 88 -37 0 1
1183 88 -36 0 1
1183 88 -35 0 1
1183 88 -34 0 1
1183 88 -33 0 1
1183 88 -32 0 1
1183 88 -31 0 1
1183 88 -30 0 1
1183 88 -29 0 1
1183 88 -28 0 1
1183 88 -27 0 1
1183 88 -26 0 1
1183 88 -25 0 1
1183 88 -24 0 1
1183 89 -39 0 1
1183 89 -38 0 1
1183 89 -37 0 1
1183 89 -36 0 1
1183 89 -35 0 1
1183 89 -34 0 1
1183 89 -33 0 1
1183 89 -32 0 1
1183 89 -31 0 1
1183 89 -30 0 1
1183 89 -29 0 1
1183 89 -28 0 1
1183 89 -27 0 1
1183 89 -26 0 1
1183 89 -25 0 1
1183 89 -24 0 1
1183 90 -39 0 1
1183 90 -38 0 1
1183 90 -37 0 1
1183 90 -36 0 1
1183 90 -35 0 1
1183 90 -34 0 1
1183 90 -33 0 1
1183 90 -32 0 1
1183 90 -31 0 1
1183 90 -30 0 1
1183 90 -29 0 1
1183 90 -28 0 1
1183 90 -27 0 1
1183 90 -26 0 1
1183 90 -25 0 1
1183 90 -24 0 1
1183 91 -39 0 1
1183 91 -38 0 1
1183 91 -37 0 1
1183 91 -36 0 1
1183 91 -35 0 1
1183 91 -34 0 1
1183 91 -33 0 1
1183 91 -32 0 1
1183 91 -31 0 1
1183 91 -30 0 1
1183 91 -29 0 1
1183 91 -28 0 1
1183 91 -27 0 1
1183 91 -26 0 1
1183 91 -25 0 1
1183 91 -24 0 1
1183 92 -39 0 1
1183 92 -38 0 1
1183 92 -37 0 1
1183 92 -36 0 1
1183 92 -35 0 1
1183 92 -34 0 1
1183 92 -33 0 1
1183 92 -32 0 1
1183 92 -31 0 1
1183 92 -30 0 1
1183 92 -29 0 1
1183 92 -28 0 1
1183 92 -27 0 1
1183 92 -26 0 1
1183 92 -25 0 1
1183 92 -24 0 1
1183 93 -39 0 1
1183 93 -38 0 1
1183 93 -37 0 1
1183 93 -36 0 1
1183 93 -35 0 1
1183 93 -34 0 1
1183 93 -33 0 1
1183 93 -32 0 1
1183 93 -31 0 1
1183 93 -30 0 1
1183 93 -29 0 1
1183 93 -28 0 1
1183 93 -27 0 1
1183 93 -26 0 1
1183 93 -25 0 1
1183 93 -24 0 1
1183 94 -39 0 1
1183 94 -38 0 1
1183 94 -37 0 1
1183 94 -36 0 1
1183 94 -35 0 1
1183 94 -34 0 1
1183 94 -33 0 1
1183 94 -32 0 1
1183 94 -31 0 1
1183 94 -30 0 1
1183 94 -29 0 1
1183 94 -28 0 1
1183 94 -27 0 1
1183 94 -26 0 1
1183 94 -25 0 1
1183 94 -24 0 1
1183 95 -39 0 1
1183 95 -38 0 1
1183 95 -37 0 1
1183 95 -36 0 1
1183 95 -35 0 1
1183 95 -34 0 1
1183 95 -33 0 1
1183 95 -32 0 1
1183 95 -31 0 1
1183 95 -30 0 1
1183 95 -29 0 1
1183 95 -28 0 1
1183 95 -27 0 1
1183 95 -26 0 1
1183 95 -25 0 1
1183 95 -24 0 1
1183 96 -39 0 1
1183 96 -38 0 1
1183 96 -37 0 1
1183 96 -36 0 1
1183 96 -35 0 1
1183 96 -34 0 1
1183 96 -33 0 1
1183 96 -32 0 1
1183 96 -31 0 1
1183 96 -30 0 1
1183 96 -29 0 1
1183 96 -28 0 1
1183 96 -27 0 1
1183 96 -26 0 1
1183 96 -25 0 1
1183 96 -24 0 1
1183 97 -39 0 1
1183 97 -38 0 1
1183 97 -37 0 1
1183 97 -36 0 1
1183 97 -35 0 1
1183 97 -34 0 1
1183 97 -33 0 1
1183 97 -32 0 1
1183 97 -31 0 1
1183 97 -30 0 1
1183 97 -29 0 1
1183 97 -28 0 1
1183 97 -27 0 1
1183 97 -26 0 1
1183 97 -25 0 1
1183 97 -24 0 1
130 97 -23 0 1
130 97 -22 0 1
130 97 -21 0 1
130 97 -20 0 1
130 97 -19 0 1
130 97 -18 0 1
130 97 -17 0 1
130 97 -16 0 1
130 97 -15 0 1
130 97 -14 0 1
130 97 -13 0 1
130 97 -12 0 1
130 97 -11 0 1
130 97 -10 0 1
130 97 -9 0 1
130 97 -8 0 1
1183 84 -23 0 1
1183 84 -22 0 1
1183 84 -21 0 1
1183 84 -20 0 1
1183 84 -19 0 1
1183 84 -18 0 1
1183 84 -17 0 1
1183 84 -16 0 1
1183 84 -15 0 1
1183 84 -14 0 1
1183 84 -13 0 1
1183 84 -12 0 1
1183 84 -11 0 1
1183 84 -10 0 1
1183 84 -9 0 1
1183 84 -8 0 1
1183 85 -23 0 1
1183 85 -22 0 1
1183 85 -21 0 1
1183 85 -20 0 1
1183 85 -19 0 1
1183 85 -18 0 1
1183 85 -17 0 1
1183 85 -16 0 1
1183 85 -15 0 1
1183 85 -14 0 1
1183 85 -13 0 1
1183 85 -12 0 1
1183 85 -11 0 1
1183 85 -10 0 1
1183 85 -9 0 1
1183 85 -8 0 1
1183 86 -23 0 1
1183 86 -22 0 1
1183 86 -21 0 1
1183 86 -20 0 1
1183 86 -19 0 1
1183 86 -18 0 1
1183 86 -17 0 1
1183 86 -16 0 1
1183 86 -15 0 1
1183 86 -14 0 1
1183 86 -13 0 1
1183 86 -12 0 1
1183 86 -11 0 1
1183 86 -10 0 1
1183 86 -9 0 1
1183 86 -8 0 1
1183 87 -23 0 1
1183 87 -22 0 1
1183 87 -21 0 1
1183 87 -20 0 1
1183 87 -19 0 1
1183 87 -18 0 1
1183 87 -17 0 1
1183 87 -16 0 1
1183 87 -15 0 1
1183 87 -14 0 1
1183 87 -13 0 1
1183 87 -12 0 1
1183 87 -11 0 1
1183 87 -10 0 1
1183 87 -9 0 1
1183 87 -8 0 1
1183 88 -23 0 1
1183 88 -22 0 1
1183 88 -21 0 1
1183 88 -20 0 1
1183 88 -19 0 1
1183 88 -18 0 1
1183 88 -17 0 1
1183 88 -16 0 1
1183 88 -15 0 1
1183 88 -14 0 1
1183 88 -13 0 1
1183 88 -12 0 1
1183 88 -11 0 1
1183 88 -10 0 1
1183 88 -9 0 1
1183 88 -8 0 1
1183 89 -23 0 1
1183 89 -22 0 1
1183 89 -21 0 1
1183 89 -20 0 1
1183 89 -19 0 1
1183 89 -18 0 1
1183 89 -17 0 1
1183 89 -16 0 1
1183 89 -15 0 1
1183 89 -14 0 1
1183 89 -13 0 1
1183 89 -12 0 1
1183 89 -11 0 1
1183 89 -10 0 1
1183 89 -9 0 1
1183 89 -8 0 1
1183 90 -23 0 1
1183 90 -22 0 1
1183 90 -21 0 1
1183 90 -20 0 1
1183 90 -19 0 1
1183 90 -18 0 1
1183 90 -17 0 1
1183 90 -16 0 1
1183 90 -15 0 1
1183 90 -14 0 1
1183 90 -13 0 1
1183 90 -12 0 1
1183 90 -11 0 1
1183 90 -10 0 1
1183 90 -9 0 1
1183 90 -8 0 1
1183 91 -23 0 1
1183 91 -22 0 1
1183 91 -21 0 1
1183 91 -20 0 1
1183 91 -19 0 1
1183 91 -18 0 1
1183 91 -17 0 1
1183 91 -16 0 1
1183 91 -15 0 1
1183 91 -14 0 1
1183 91 -13 0 1
1183 91 -12 0 1
1183 91 -11 0 1
1183 91 -10 0 1
1183 91 -9 0 1
1183 91 -8 0 1
1183 92 -23 0 1
1183 92 -22 0 1
1183 92 -21 0 1
1183 92 -20 0 1
1183 92 -19 0 1
1183 92 -18 0 1
1183 92 -17 0 1
1183 92 -16 0 1
1183 92 -15 0 1
1183 92 -14 0 1
1183 92 -13 0 1
1183 92 -12 0 1
1183 92 -11 0 1
1183 92 -10 0 1
1183 92 -9 0 1
1183 92 -8 0 1
1183 93 -23 0 1
1183 93 -22 0 1
1183 93 -21 0 1
1183 93 -20 0 1
1183 93 -19 0 1
1183 93 -18 0 1
1183 93 -17 0 1
1183 93 -16 0 1
1183 93 -15 0 1
1183 93 -14 0 1
1183 93 -13 0 1
1183 93 -12 0 1
1183 93 -11 0 1
1183 93 -10 0 1
1183 93 -9 0 1
1183 93 -8 0 1
1183 94 -23 0 1
1183 94 -22 0 1
1183 94 -21 0 1
1183 94 -20 0 1
1183 94 -19 0 1
1183 94 -18 0 1
1183 94 -17 0 1
1183 94 -16 0 1
1183 94 -15 0 1
1183 94 -14 0 1
1183 94 -13 0 1
1183 94 -12 0 1
1183 94 -11 0 1
1183 94 -10 0 1
1183 94 -9 0 1
1183 94 -8 0 1
1183 95 -23 0 1
1183 95 -22 0 1
1183 95 -21 0 1
1183 95 -20 0 1
1183 95 -19 0 1
1183 95 -18 0 1
1183 95 -17 0 1
1183 95 -16 0 1
1183 95 -15 0 1
1183 95 -14 0 1
1183 95 -13 0 1
1183 95 -12 0 1
1183 95 -11 0 1
1183 95 -10 0 1
1183 95 -9 0 1
1183 95 -8 0 1
1183 96 -23 0 1
1183 96 -22 0 1
1183 96 -21 0 1
1183 96 -20 0 1
1183 96 -19 0 1
1183 96 -18 0 1
1183 96 -17 0 1
1183 96 -16 0 1
1183 96 -15 0 1
1183 96 -14 0 1
1183 96 -13 0 1
1183 96 -12 0 1
1183 96 -11 0 1
1183 96 -10 0 1
1183 96 -9 0 1
1183 96 -8 0 1
1183 97 -23 0 1
1183 97 -22 0 1
1183 97 -21 0 1
1183 97 -20 0 1
1183 97 -19 0 1
1183 97 -18 0 1
1183 97 -17 0 1
1183 97 -16 0 1
1183 97 -15 0 1
1183 97 -14 0 1
1183 97 -13 0 1
1183 97 -12 0 1
1183 97 -11 0 1
1183 97 -10 0 1
1183 97 -9 0 1
1183 97 -8 0 1
130 96 -2 0 1
130 84 -2 0 1
130 85 -2 0 1
130 86 -2 0 1
130 87 -2 0 1
130 88 -2 0 1
130 89 -2 0 1
130 90 -2 0 1
130 91 -2 0 1
130 92 -2 0 1
130 93 -2 0 1
130 94 -2 0 1
130 95 -2 0 1
130 96 -2 0 1
130 97 -7 0 1
130 97 -6 0 1
130 97 -5 0 1
130 97 -4 0 1
130 97 -3 0 1
130 97 -2 0 1
1183 84 -7 0 1
1183 84 -6 0 1
1183 84 -5 0 1
1183 84 -4 0 1
1183 84 -3 0 1
1183 84 -2 0 1
1183 85 -7 0 1
1183 85 -6 0 1
1183 85 -5 0 1
1183 85 -4 0 1
1183 85 -3 0 1
1183 85 -2 0 1
1183 86 -7 0 1
1183 86 -6 0 1
1183 86 -5 0 1
1183 86 -4 0 1
1183 86 -3 0 1
1183 86 -2 0 1
1183 87 -7 0 1
1183 87 -6 0 1
1183 87 -5 0 1
1183 87 -4 0 1
1183 87 -3 0 1
1183 87 -2 0 1
1183 88 -7 0 1
1183 88 -6 0 1
1183 88 -5 0 1
1183 88 -4 0 1
1183 88 -3 0 1
1183 88 -2 0 1
1183 89 -7 0 1
1183 89 -6 0 1
1183 89 -5 0 1
1183 89 -4 0 1
1183 89 -3 0 1
1183 89 -2 0 1
1183 90 -7 0 1
1183 90 -6 0 1
1183 90 -5 0 1
1183 90 -4 0 1
1183 90 -3 0 1
1183 90 -2 0 1
1183 91 -7 0 1
1183 91 -6 0 1
1183 91 -5 0 1
1183 91 -4 0 1
1183 91 -3 0 1
1183 91 -2 0 1
1183 92 -7 0 1
1183 92 -6 0 1
1183 92 -5 0 1
1183 92 -4 0 1
1183 92 -3 0 1
1183 92 -2 0 1
1183 93 -7 0 1
1183 93 -6 0 1
1183 93 -5 0 1
1183 93 -4 0 1
1183 93 -3 0 1
1183 93 -2 0 1
1183 94 -7 0 1
1183 94 -6 0 1
1183 94 -5 0 1
1183 94 -4 0 1
1183 94 -3 0 1
1183 94 -2 0 1
1183 95 -7 0 1
1183 95 -6 0 1
1183 95 -5 0 1
1183 95 -4 0 1
1183 95 -3 0 1
1183 95 -2 0 1
1183 96 -7 0 1
1183 96 -6 0 1
1183 96 -5 0 1
1183 96 -4 0 1
1183 96 -3 0 1
1183 96 -2 0 1
1183 97 -7 0 1
1183 97 -6 0 1
1183 97 -5 0 1
1183 97 -4 0 1
1183 97 -3 0 1
1183 97 -2 0 1
130 100 -42 0 1
130 101 -42 0 1
130 102 -42 0 1
130 103 -42 0 1
130 104 -42 0 1
130 105 -42 0 1
130 106 -42 0 1
130 107 -42 0 1
130 108 -42 0 1
130 109 -42 0 1
130 110 -42 0 1
130 111 -42 0 1
130 112 -42 0 1
130 112 -52 0 1
130 112 -51 0 1
130 112 -50 0 1
130 112 -49 0 1
130 112 -48 0 1
130 112 -47 0 1
130 112 -46 0 1
130 112 -45 0 1
130 112 -44 0 1
130 112 -43 0 1
1183 100 -52 0 1
1183 100 -51 0 1
1183 100 -50 0 1
1183 100 -49 0 1
1183 100 -48 0 1
1183 100 -47 0 1
1183 100 -46 0 1
1183 100 -45 0 1
1183 100 -44 0 1
1183 100 -43 0 1
1183 100 -42 0 1
1183 101 -42 0 1
1183 102 -52 0 1
1183 102 -51 0 1
1183 102 -50 0 1
1183 102 -49 0 1
1183 102 -48 0 1
1183 102 -47 0 1
1183 102 -46 0 1
1183 102 -45 0 1
1183 102 -44 0 1
1183 102 -43 0 1
1183 102 -42 0 1
1183 103 -52 0 1
1183 103 -51 0 1
1183 103 -50 0 1
1183 103 -49 0 1
1183 103 -48 0 1
1183 103 -47 0 1
1183 103 -46 0 1
1183 103 -45 0 1
1183 103 -44 0 1
1183 103 -43 0 1
1183 103 -42 0 1
1183 104 -52 0 1
1183 104 -51 0 1
1183 104 -50 0 1
1183 104 -49 0 1
1183 104 -48 0 1
1183 104 -47 0 1
1183 104 -46 0 1
1183 104 -45 0 1
1183 104 -44 0 1
1183 104 -43 0 1
1183 104 -42 0 1
1183 105 -52 0 1
1183 105 -51 0 1
1183 105 -50 0 1
1183 105 -49 0 1
1183 105 -48 0 1
1183 105 -47 0 1
1183 105 -46 0 1
1183 105 -45 0 1
1183 105 -44 0 1
1183 105 -43 0 1
1183 105 -42 0 1
1183 106 -52 0 1
1183 106 -51 0 1
1183 106 -50 0 1
1183 106 -49 0 1
1183 106 -48 0 1
1183 106 -47 0 1
1183 106 -46 0 1
1183 106 -45 0 1
1183 106 -44 0 1
1183 106 -43 0 1
1183 106 -42 0 1
1183 107 -52 0 1
1183 107 -51 0 1
1183 107 -50 0 1
1183 107 -49 0 1
1183 107 -48 0 1
1183 107 -47 0 1
1183 107 -46 0 1
1183 107 -45 0 1
1183 107 -44 0 1
1183 107 -43 0 1
1183 107 -42 0 1
1183 108 -52 0 1
1183 108 -51 0 1
1183 108 -50 0 1
1183 108 -49 0 1
1183 108 -48 0 1
1183 108 -47 0 1
1183 108 -46 0 1
1183 108 -45 0 1
1183 108 -44 0 1
1183 108 -43 0 1
1183 108 -42 0 1
1183 109 -52 0 1
1183 109 -51 0 1
1183 109 -50 0 1
1183 109 -49 0 1
1183 109 -48 0 1
1183 109 -47 0 1
1183 109 -46 0 1
1183 109 -45 0 1
1183 109 -44 0 1
1183 109 -43 0 1
1183 109 -42 0 1
1183 110 -52 0 1
1183 110 -51 0 1
1183 110 -50 0 1
1183 110 -49 0 1
1183 110 -48 0 1
1183 110 -47 0 1
1183 110 -46 0 1
1183 110 -45 0 1
1183 110 -44 0 1
1183 110 -43 0 1
1183 110 -42 0 1
1183 111 -52 0 1
1183 111 -51 0 1
1183 111 -50 0 1
1183 111 -49 0 1
1183 111 -48 0 1
1183 111 -47 0 1
1183 111 -46 0 1
1183 111 -45 0 1
1183 111 -44 0 1
1183 111 -43 0 1
1183 111 -42 0 1
1183 112 -52 0 1
1183 112 -51 0 1
1183 112 -50 0 1
1183 112 -49 0 1
1183 112 -48 0 1
1183 112 -47 0 1
1183 112 -46 0 1
1183 112 -45 0 1
1183 112 -44 0 1
1183 112 -43 0 1
1183 112 -42 0 1
1183 101 -52 0 1
1183 101 -51 0 1
1183 101 -50 0 1
1183 101 -49 0 1
1183 101 -48 0 1
1183 101 -47 0 1
1183 101 -46 0 1
1183 101 -45 0 1
1183 101 -44 0 1
1183 101 -43 0 1
