1 version Ether Titan
90 num components
1403 0 0 0 1
579 0 0 0 1
1406 0 1 0 1
578 0 1 0 1
1404 0 2 0 1
578 0 2 0 1
1403 0 3 0 1
578 0 3 0 1
1401 0 4 0 1
578 0 4 0 1
1405 0 5 0 1
578 0 5 0 1
1402 0 6 0 1
578 0 6 0 1
1402 0 7 0 1
579 0 7 0 1
578 0 8 0 1
1401 1 0 0 1
1402 1 1 0 1
1403 1 2 0 1
1402 1 3 0 1
1401 1 4 0 1
1402 1 5 0 1
1401 1 6 0 1
1401 1 7 0 1
577 1 7 0 1
1403 2 0 0 1
1401 2 1 0 1
1405 2 2 0 1
1406 2 3 0 1
1403 2 4 0 1
1406 2 5 0 1
1406 2 6 0 1
1402 2 7 0 1
577 2 7 0 1
1406 3 0 0 1
1405 3 1 0 1
1401 3 2 0 1
1403 3 3 0 1
1405 3 4 0 1
1404 3 5 0 1
1406 3 6 0 1
1405 3 7 0 1
577 3 7 0 1
1402 4 0 0 1
1402 4 1 0 1
1404 4 2 0 1
1402 4 3 0 1
1402 4 4 0 1
1401 4 5 0 1
1403 4 6 0 1
1402 4 7 0 1
577 4 7 0 1
1402 5 0 0 1
1406 5 1 0 1
1404 5 2 0 1
1402 5 3 0 1
1404 5 4 0 1
1404 5 5 0 1
1406 5 6 0 1
1402 5 7 0 1
577 5 7 0 1
1401 6 0 0 1
1403 6 1 0 1
1404 6 2 0 1
1405 6 3 0 1
1403 6 4 0 1
1406 6 5 0 1
1404 6 6 0 1
1401 6 7 0 1
577 6 7 0 1
1403 7 0 0 1
578 7 0 0 1
1404 7 1 0 1
578 7 1 0 1
1403 7 2 0 1
578 7 2 0 1
1405 7 3 0 1
578 7 3 0 1
1402 7 4 0 1
578 7 4 0 1
1403 7 5 0 1
578 7 5 0 1
1405 7 6 0 1
578 7 6 0 1
1405 7 7 0 1
579 7 7 0 1
578 7 8 0 1
577 8 0 0 1
577 8 7 0 1
