1 version Ether Titan
106 num components
1302 0 0 0 1
197 0 0 0 1
1301 0 1 0 1
1302 0 2 0 1
1301 0 3 0 1
1302 0 4 0 1
1302 0 5 0 1
1303 0 6 0 1
1302 0 7 0 1
1302 0 8 0 1
197 0 8 0 1
1304 1 0 0 1
197 1 0 0 1
1301 1 1 0 1
1302 1 2 0 1
1302 1 3 0 1
1304 1 4 0 1
1301 1 5 0 1
1301 1 6 0 1
1304 1 7 0 1
1301 1 8 0 1
197 1 8 0 1
1301 2 0 0 1
197 2 0 0 1
1302 2 1 0 1
1303 2 2 0 1
1304 2 3 0 1
1303 2 4 0 1
1304 2 5 0 1
1303 2 6 0 1
1301 2 7 0 1
1303 2 8 0 1
197 2 8 0 1
1302 3 0 0 1
197 3 0 0 1
1303 3 1 0 1
1301 3 2 0 1
1302 3 3 0 1
1302 3 4 0 1
1302 3 5 0 1
1303 3 6 0 1
1302 3 7 0 1
1304 3 8 0 1
197 3 8 0 1
1302 4 0 0 1
197 4 0 0 1
1302 4 1 0 1
1304 4 2 0 1
1304 4 3 0 1
1301 4 4 0 1
1302 4 5 0 1
1304 4 6 0 1
1301 4 7 0 1
1303 4 8 0 1
197 4 8 0 1
1302 5 0 0 1
197 5 0 0 1
1301 5 1 0 1
1302 5 2 0 1
1301 5 3 0 1
1302 5 4 0 1
1304 5 5 0 1
1302 5 6 0 1
1304 5 7 0 1
1303 5 8 0 1
197 5 8 0 1
1303 6 0 0 1
197 6 0 0 1
1302 6 1 0 1
1303 6 2 0 1
1303 6 3 0 1
1302 6 4 0 1
1301 6 5 0 1
1304 6 6 0 1
1303 6 7 0 1
1303 6 8 0 1
197 6 8 0 1
1301 7 0 0 1
197 7 0 0 1
1303 7 1 0 1
1303 7 2 0 1
1301 7 3 0 1
1302 7 4 0 1
1302 7 5 0 1
1302 7 6 0 1
1304 7 7 0 1
1301 7 8 0 1
197 7 8 0 1
1302 8 0 0 1
197 8 0 0 1
1301 8 1 0 1
197 8 1 0 1
1302 8 2 0 1
197 8 2 0 1
1301 8 3 0 1
197 8 3 0 1
1304 8 4 0 1
197 8 4 0 1
1302 8 5 0 1
197 8 5 0 1
1302 8 6 0 1
197 8 6 0 1
1302 8 7 0 1
197 8 7 0 1
1303 8 8 0 1
197 8 8 0 1
