1 version Galven Watch
594 num components
132 -27 -13 0 1
132 -26 -13 0 1
132 -25 -13 0 1
132 -24 -13 0 1
132 -23 -13 0 1
132 -22 -13 0 1
132 -21 -13 0 1
132 -20 -13 0 1
132 -19 -13 0 1
132 -18 -13 0 1
132 -17 -13 0 1
132 -27 -12 0 1
132 -27 -11 0 1
132 -27 -10 0 1
132 -27 -9 0 1
132 -27 -8 0 1
132 -27 -7 0 1
132 -27 -6 0 1
132 -27 -5 0 1
132 -27 -4 0 1
1297 -26 -12 0 1
1297 -26 -11 0 1
1297 -26 -10 0 1
1297 -26 -9 0 1
1297 -26 -8 0 1
1297 -26 -7 0 1
1297 -26 -6 0 1
1297 -26 -5 0 1
1297 -26 -4 0 1
1297 -25 -12 0 1
1297 -25 -11 0 1
1297 -25 -10 0 1
1297 -25 -9 0 1
1297 -25 -8 0 1
1297 -25 -7 0 1
1297 -25 -6 0 1
1297 -25 -5 0 1
1297 -25 -4 0 1
1297 -24 -12 0 1
1297 -24 -11 0 1
1297 -24 -10 0 1
1297 -24 -9 0 1
1297 -24 -8 0 1
1297 -24 -7 0 1
1297 -24 -6 0 1
1297 -24 -5 0 1
1297 -24 -4 0 1
1297 -23 -12 0 1
1297 -23 -11 0 1
1297 -23 -10 0 1
1297 -23 -9 0 1
1297 -23 -8 0 1
1297 -23 -7 0 1
1297 -23 -6 0 1
1297 -23 -5 0 1
1297 -23 -4 0 1
1297 -22 -12 0 1
1297 -22 -11 0 1
1297 -22 -10 0 1
1297 -22 -9 0 1
1297 -22 -8 0 1
1297 -22 -7 0 1
1297 -22 -6 0 1
1297 -22 -5 0 1
1297 -22 -4 0 1
1297 -21 -12 0 1
1297 -21 -11 0 1
1297 -21 -10 0 1
1297 -21 -9 0 1
1297 -21 -8 0 1
1297 -21 -7 0 1
1297 -21 -6 0 1
1297 -21 -5 0 1
1297 -21 -4 0 1
1297 -20 -12 0 1
1297 -20 -11 0 1
1297 -20 -10 0 1
1297 -20 -9 0 1
1297 -20 -8 0 1
1297 -20 -7 0 1
1297 -20 -6 0 1
1297 -20 -5 0 1
1297 -20 -4 0 1
1297 -19 -12 0 1
1297 -19 -11 0 1
1297 -19 -10 0 1
1297 -19 -9 0 1
1297 -19 -8 0 1
1297 -19 -7 0 1
1297 -19 -6 0 1
1297 -19 -5 0 1
1297 -19 -4 0 1
1297 -18 -12 0 1
1297 -18 -11 0 1
1297 -18 -10 0 1
1297 -18 -9 0 1
1297 -18 -8 0 1
1297 -18 -7 0 1
1297 -18 -6 0 1
1297 -18 -5 0 1
1297 -18 -4 0 1
1297 -17 -12 0 1
1297 -17 -11 0 1
1297 -17 -10 0 1
1297 -17 -9 0 1
1297 -17 -8 0 1
1297 -17 -7 0 1
1297 -17 -6 0 1
1297 -17 -5 0 1
1297 -17 -4 0 1
132 -27 -3 0 1
132 -27 -2 0 1
132 -27 -1 0 1
132 -27 0 0 1
132 -27 1 0 1
132 -27 2 0 1
132 -27 3 0 1
132 -27 4 0 1
1297 -26 -3 0 1
1297 -26 -2 0 1
1297 -26 -1 0 1
1297 -26 0 0 1
1297 -26 1 0 1
1297 -26 2 0 1
1297 -26 3 0 1
1297 -26 4 0 1
1297 -25 -3 0 1
1297 -25 -2 0 1
1297 -25 -1 0 1
1297 -25 0 0 1
1297 -25 1 0 1
1297 -25 2 0 1
1297 -25 3 0 1
1297 -25 4 0 1
1297 -24 -3 0 1
1297 -24 -2 0 1
1297 -24 -1 0 1
1297 -24 0 0 1
1297 -24 1 0 1
1297 -24 2 0 1
1297 -24 3 0 1
1297 -24 4 0 1
1297 -23 -3 0 1
1297 -23 -2 0 1
1297 -23 -1 0 1
1297 -23 0 0 1
1297 -23 1 0 1
1297 -23 2 0 1
1297 -23 3 0 1
1297 -23 4 0 1
1297 -22 -3 0 1
1297 -22 -2 0 1
1297 -22 -1 0 1
1297 -22 0 0 1
1297 -22 1 0 1
1297 -22 2 0 1
1297 -22 3 0 1
1297 -22 4 0 1
1297 -21 -3 0 1
1297 -21 -2 0 1
1297 -21 -1 0 1
1297 -21 0 0 1
1297 -21 1 0 1
1297 -21 2 0 1
1297 -21 3 0 1
1297 -21 4 0 1
1297 -20 -3 0 1
1297 -20 -2 0 1
1297 -20 -1 0 1
1297 -20 0 0 1
1297 -20 1 0 1
1297 -20 2 0 1
1297 -20 3 0 1
1297 -20 4 0 1
1297 -19 -3 0 1
1297 -19 -2 0 1
1297 -19 -1 0 1
1297 -19 0 0 1
1297 -19 1 0 1
1297 -19 2 0 1
1297 -19 3 0 1
1297 -19 4 0 1
1297 -18 -3 0 1
1297 -18 -2 0 1
1297 -18 -1 0 1
1297 -18 0 0 1
1297 -18 1 0 1
1297 -18 2 0 1
1297 -18 3 0 1
1297 -18 4 0 1
1297 -17 -3 0 1
1297 -17 -2 0 1
1297 -17 -1 0 1
1297 -17 0 0 1
1297 -17 1 0 1
1297 -17 2 0 1
1297 -17 3 0 1
1297 -17 4 0 1
1297 -15 -12 0 1
1297 -15 -11 0 1
1297 -15 -10 0 1
1297 -15 -9 0 1
1297 -15 -8 0 1
1297 -15 -7 0 1
1297 -15 -6 0 1
1297 -15 -5 0 1
1297 -15 -4 0 1
1297 -14 -12 0 1
1297 -14 -11 0 1
1297 -14 -10 0 1
1297 -14 -9 0 1
1297 -14 -8 0 1
1297 -14 -7 0 1
1297 -14 -6 0 1
1297 -14 -5 0 1
1297 -14 -4 0 1
1297 -13 -12 0 1
1297 -13 -11 0 1
1297 -13 -10 0 1
1297 -13 -9 0 1
1297 -13 -8 0 1
1297 -13 -7 0 1
1297 -13 -6 0 1
1297 -13 -5 0 1
1297 -13 -4 0 1
1297 -12 -12 0 1
1297 -12 -11 0 1
1297 -12 -10 0 1
1297 -12 -9 0 1
1297 -12 -8 0 1
1297 -12 -7 0 1
1297 -12 -6 0 1
1297 -12 -5 0 1
1297 -12 -4 0 1
1297 -11 -12 0 1
1297 -11 -11 0 1
1297 -11 -10 0 1
1297 -11 -9 0 1
1297 -11 -8 0 1
1297 -11 -7 0 1
1297 -11 -6 0 1
1297 -11 -5 0 1
1297 -11 -4 0 1
1297 -10 -12 0 1
1297 -10 -11 0 1
1297 -10 -10 0 1
1297 -10 -9 0 1
1297 -10 -8 0 1
1297 -10 -7 0 1
1297 -10 -6 0 1
1297 -10 -5 0 1
1297 -10 -4 0 1
1297 -9 -12 0 1
1297 -9 -11 0 1
1297 -9 -10 0 1
1297 -9 -9 0 1
1297 -9 -8 0 1
1297 -9 -7 0 1
1297 -9 -6 0 1
1297 -9 -5 0 1
1297 -9 -4 0 1
1297 -8 -12 0 1
1297 -8 -11 0 1
1297 -8 -10 0 1
1297 -8 -9 0 1
1297 -8 -8 0 1
1297 -8 -7 0 1
1297 -8 -6 0 1
1297 -8 -5 0 1
1297 -8 -4 0 1
1297 -7 -12 0 1
1297 -7 -11 0 1
1297 -7 -10 0 1
1297 -7 -9 0 1
1297 -7 -8 0 1
1297 -7 -7 0 1
1297 -7 -6 0 1
1297 -7 -5 0 1
1297 -7 -4 0 1
1297 -6 -12 0 1
1297 -6 -11 0 1
1297 -6 -10 0 1
1297 -6 -9 0 1
1297 -6 -8 0 1
1297 -6 -7 0 1
1297 -6 -6 0 1
1297 -6 -5 0 1
1297 -6 -4 0 1
1297 -5 -12 0 1
1297 -5 -11 0 1
1297 -5 -10 0 1
1297 -5 -9 0 1
1297 -5 -8 0 1
1297 -5 -7 0 1
1297 -5 -6 0 1
1297 -5 -5 0 1
1297 -5 -4 0 1
1297 -4 -12 0 1
1297 -4 -11 0 1
1297 -4 -10 0 1
1297 -4 -9 0 1
1297 -4 -8 0 1
1297 -4 -7 0 1
1297 -4 -6 0 1
1297 -4 -5 0 1
1297 -4 -4 0 1
1297 -3 -12 0 1
1297 -3 -11 0 1
1297 -3 -10 0 1
1297 -3 -9 0 1
1297 -3 -8 0 1
1297 -3 -7 0 1
1297 -3 -6 0 1
1297 -3 -5 0 1
1297 -3 -4 0 1
1297 -2 -12 0 1
1297 -2 -11 0 1
1297 -2 -10 0 1
1297 -2 -9 0 1
1297 -2 -8 0 1
1297 -2 -7 0 1
1297 -2 -6 0 1
1297 -2 -5 0 1
1297 -2 -4 0 1
1297 -1 -12 0 1
1297 -1 -11 0 1
1297 -1 -10 0 1
1297 -1 -9 0 1
1297 -1 -8 0 1
1297 -1 -7 0 1
1297 -1 -6 0 1
1297 -1 -5 0 1
1297 -1 -4 0 1
132 -16 -13 0 1
132 -15 -13 0 1
132 -14 -13 0 1
132 -13 -13 0 1
132 -12 -13 0 1
132 -11 -13 0 1
132 -10 -13 0 1
132 -9 -13 0 1
132 -8 -13 0 1
132 -7 -13 0 1
132 -6 -13 0 1
132 -5 -13 0 1
132 -4 -13 0 1
132 -3 -13 0 1
132 -2 -13 0 1
132 -1 -13 0 1
1297 -16 -12 0 1
1297 -16 -11 0 1
1297 -16 -10 0 1
1297 -16 -9 0 1
1297 -16 -8 0 1
1297 -16 -7 0 1
1297 -16 -6 0 1
1297 -16 -5 0 1
1297 -16 -4 0 1
1297 -15 -3 0 1
1297 -15 -2 0 1
1297 -15 -1 0 1
1297 -15 0 0 1
1297 -15 1 0 1
1297 -15 2 0 1
1297 -15 3 0 1
1297 -15 4 0 1
1297 -14 -3 0 1
1297 -14 -2 0 1
1297 -14 -1 0 1
1297 -14 0 0 1
1297 -14 1 0 1
1297 -14 2 0 1
1297 -14 3 0 1
1297 -14 4 0 1
1297 -13 -3 0 1
1297 -13 -2 0 1
1297 -13 -1 0 1
1297 -13 0 0 1
1297 -13 1 0 1
1297 -13 2 0 1
1297 -13 3 0 1
1297 -13 4 0 1
1297 -12 -3 0 1
1297 -12 -2 0 1
1297 -12 -1 0 1
1297 -12 0 0 1
1297 -12 1 0 1
1297 -12 2 0 1
1297 -12 3 0 1
1297 -12 4 0 1
1297 -11 -3 0 1
1297 -11 -2 0 1
1297 -11 -1 0 1
1297 -11 0 0 1
1297 -11 1 0 1
1297 -11 2 0 1
1297 -11 3 0 1
1297 -11 4 0 1
1297 -10 -3 0 1
1297 -10 -2 0 1
1297 -10 -1 0 1
1297 -10 0 0 1
1297 -10 1 0 1
1297 -10 2 0 1
1297 -10 3 0 1
1297 -10 4 0 1
1297 -9 -3 0 1
1297 -9 -2 0 1
1297 -9 -1 0 1
1297 -9 0 0 1
1297 -9 1 0 1
1297 -9 2 0 1
1297 -9 3 0 1
1297 -9 4 0 1
1297 -8 -3 0 1
1297 -8 -2 0 1
1297 -8 -1 0 1
1297 -8 0 0 1
1297 -8 1 0 1
1297 -8 2 0 1
1297 -8 3 0 1
1297 -8 4 0 1
1297 -7 -3 0 1
1297 -7 -2 0 1
1297 -7 -1 0 1
1297 -7 0 0 1
1297 -7 1 0 1
1297 -7 2 0 1
1297 -7 3 0 1
1297 -7 4 0 1
1297 -6 -3 0 1
1297 -6 -2 0 1
1297 -6 -1 0 1
1297 -6 0 0 1
1297 -6 1 0 1
1297 -6 2 0 1
1297 -6 3 0 1
1297 -6 4 0 1
1297 -5 -3 0 1
1297 -5 -2 0 1
1297 -5 -1 0 1
1297 -5 0 0 1
1297 -5 1 0 1
1297 -5 2 0 1
1297 -5 3 0 1
1297 -5 4 0 1
1297 -4 -3 0 1
1297 -4 -2 0 1
1297 -4 -1 0 1
1297 -4 0 0 1
1297 -4 1 0 1
1297 -4 2 0 1
1297 -4 3 0 1
1297 -4 4 0 1
1297 -3 -3 0 1
1297 -3 -2 0 1
1297 -3 -1 0 1
1297 -3 0 0 1
1297 -3 1 0 1
1297 -3 2 0 1
1297 -3 3 0 1
1297 -3 4 0 1
1297 -2 -3 0 1
1297 -2 -2 0 1
1297 -2 -1 0 1
1297 -2 0 0 1
1297 -2 1 0 1
1297 -2 2 0 1
1297 -2 3 0 1
1297 -2 4 0 1
1297 -1 -3 0 1
1297 -1 -2 0 1
1297 -1 -1 0 1
1297 -1 0 0 1
1297 -1 1 0 1
1297 -1 2 0 1
1297 -1 3 0 1
1297 -1 4 0 1
1297 -16 -3 0 1
1297 -16 -2 0 1
1297 -16 -1 0 1
1297 -16 0 0 1
1297 -16 1 0 1
1297 -16 2 0 1
1297 -16 3 0 1
1297 -16 4 0 1
1297 0 -12 0 1
1297 0 -11 0 1
1297 0 -10 0 1
1297 0 -9 0 1
1297 0 -8 0 1
1297 0 -7 0 1
1297 0 -6 0 1
1297 0 -5 0 1
1297 0 -4 0 1
1297 1 -12 0 1
1297 1 -11 0 1
1297 1 -10 0 1
1297 1 -9 0 1
1297 1 -8 0 1
1297 1 -7 0 1
1297 1 -6 0 1
1297 1 -5 0 1
1297 1 -4 0 1
1297 2 -12 0 1
1297 2 -11 0 1
1297 2 -10 0 1
1297 2 -9 0 1
1297 2 -8 0 1
1297 2 -7 0 1
1297 2 -6 0 1
1297 2 -5 0 1
1297 2 -4 0 1
1297 3 -12 0 1
1297 3 -11 0 1
1297 3 -10 0 1
1297 3 -9 0 1
1297 3 -8 0 1
1297 3 -7 0 1
1297 3 -6 0 1
1297 3 -5 0 1
1297 3 -4 0 1
1297 4 -12 0 1
1297 4 -11 0 1
1297 4 -10 0 1
1297 4 -9 0 1
1297 4 -8 0 1
1297 4 -7 0 1
1297 4 -6 0 1
1297 4 -5 0 1
1297 4 -4 0 1
1297 5 -12 0 1
1297 5 -11 0 1
1297 5 -10 0 1
1297 5 -9 0 1
1297 5 -8 0 1
1297 5 -7 0 1
1297 5 -6 0 1
1297 5 -5 0 1
1297 5 -4 0 1
132 0 -13 0 1
132 1 -13 0 1
132 2 -13 0 1
132 3 -13 0 1
132 4 -13 0 1
132 5 -13 0 1
1297 0 -3 0 1
1297 0 -2 0 1
1297 0 -1 0 1
1297 0 0 0 1
1297 0 1 0 1
1297 0 2 0 1
1297 0 3 0 1
1297 0 4 0 1
1297 1 -3 0 1
1297 1 -2 0 1
1297 1 -1 0 1
1297 1 0 0 1
1297 1 1 0 1
1297 1 2 0 1
1297 1 3 0 1
1297 1 4 0 1
1297 2 -3 0 1
1297 2 -2 0 1
1297 2 -1 0 1
1297 2 0 0 1
1297 2 1 0 1
1297 2 2 0 1
1297 2 3 0 1
1297 2 4 0 1
1297 3 -3 0 1
1297 3 -2 0 1
1297 3 -1 0 1
1297 3 0 0 1
1297 3 1 0 1
1297 3 2 0 1
1297 3 3 0 1
1297 3 4 0 1
1297 4 -3 0 1
1297 4 -2 0 1
1297 4 -1 0 1
1297 4 0 0 1
1297 4 1 0 1
1297 4 2 0 1
1297 4 3 0 1
1297 4 4 0 1
1297 5 -3 0 1
1297 5 -2 0 1
1297 5 -1 0 1
1297 5 0 0 1
1297 5 1 0 1
1297 5 2 0 1
1297 5 3 0 1
1297 5 4 0 1
