1 version Galven Watch
1920 num components
28 7 -143 0 1
3484 4 -139 0 1
28 2 -143 0 1
12579 7 -139 0 1
28 6 -143 0 1
28 3 -143 0 1
28 5 -143 0 1
8610 0 -143 0 1
27 0 -140 0 1
12579 4 -139 0 1
3484 7 -139 0 1
27 0 -141 0 1
27 0 -138 0 1
27 0 -139 0 1
27 0 -136 0 1
28 1 -143 0 1
28 4 -143 0 1
31 0 -142 0 1
27 0 -137 0 1
28 0 -143 0 1
2807 4 -127 5 1
27 0 -134 0 1
2752 5 -126 5 1
2754 6 -125 5 1
3708 2 -124 25 1
27 0 -126 0 1
2680 3 -126 25 1
2755 3 -127 5 1
2757 5 -127 5 1
7776 4 -133 25 1
2685 2 -127 25 1
27 0 -121 0 1
27 0 -129 0 1
2756 3 -125 5 1
2806 4 -126 5 1
2808 6 -126 5 1
27 0 -135 0 1
2681 3 -127 25 1
27 0 -122 0 1
2809 5 -125 5 1
27 0 -125 0 1
27 0 -130 0 1
27 0 -120 0 1
2808 5 -126 5 1
2643 2 -123 25 1
2684 2 -126 25 1
2807 5 -127 5 1
2757 6 -127 5 1
1703 5 -128 5 1
27 0 -132 0 1
3026 2 -121 5 1
27 0 -131 0 1
1701 4 -128 5 1
1701 5 -128 25 1
2788 7 -132 5 1
7737 4 -125 25 1
2754 5 -125 5 1
7740 6 -126 25 1
27 0 -133 0 1
27 0 -127 0 1
2755 4 -127 5 1
2789 7 -130 5 1
2752 4 -126 5 1
7741 5 -126 25 1
7739 6 -125 25 1
7735 5 -124 25 1
2806 3 -126 5 1
7734 6 -124 25 1
2791 7 -131 5 1
7742 4 -126 25 1
2756 4 -125 5 1
27 0 -123 0 1
7738 5 -125 25 1
2809 4 -125 5 1
7736 4 -124 25 1
27 0 -124 0 1
27 0 -128 0 1
5949 7 -115 0 1
17 4 -104 0 1
27 0 -116 0 1
27 0 -115 0 1
5948 7 -114 0 1
17 4 -106 0 1
8 0 -104 0 1
27 0 -117 0 1
18 4 -108 0 1
17 4 -105 0 1
27 0 -113 0 1
8 0 -107 0 1
18 2 -108 0 1
27 0 -119 0 1
27 0 -114 0 1
27 0 -111 0 1
32 0 -109 0 1
5937 7 -113 0 1
5953 7 -116 0 1
8 0 -106 0 1
27 0 -110 0 1
8 0 -108 0 1
18 1 -108 0 1
8 0 -105 0 1
27 0 -112 0 1
17 4 -107 0 1
18 3 -108 0 1
27 0 -118 0 1
8 0 -90 0 1
16 4 -103 0 1
17 4 -102 0 1
8 0 -89 0 1
8 0 -95 0 1
18 1 -88 0 1
18 2 -103 0 1
18 1 -103 0 1
18 1 -93 0 1
8 0 -100 0 1
18 2 -98 0 1
8 0 -91 0 1
18 3 -98 0 1
8 0 -101 0 1
8 0 -103 0 1
8 0 -92 0 1
17 4 -101 0 1
8 0 -94 0 1
8 0 -102 0 1
8 0 -96 0 1
8 0 -98 0 1
18 2 -93 0 1
8 0 -97 0 1
18 3 -88 0 1
8 0 -99 0 1
18 1 -98 0 1
8 0 -88 0 1
18 2 -88 0 1
8 0 -93 0 1
18 3 -93 0 1
17 4 -100 0 1
17 4 -99 0 1
16 4 -98 0 1
17 4 -97 0 1
17 4 -96 0 1
17 4 -95 0 1
17 4 -94 0 1
16 4 -93 0 1
17 4 -92 0 1
17 4 -91 0 1
17 4 -90 0 1
17 4 -89 0 1
16 4 -88 0 1
18 3 -103 0 1
3894 7 -93 0 1
3894 5 -95 0 1
3894 6 -94 0 1
18 1 -83 0 1
8 0 -75 0 1
8 0 -80 0 1
8 0 -83 0 1
3894 5 -76 0 1
8 0 -79 0 1
3894 6 -80 0 1
18 2 -78 0 1
8 0 -74 0 1
8 0 -87 0 1
18 1 -78 0 1
18 1 -73 0 1
8 0 -78 0 1
8 0 -72 0 1
18 2 -73 0 1
8 0 -86 0 1
8 0 -77 0 1
8 0 -82 0 1
8 0 -76 0 1
8 0 -84 0 1
8 0 -85 0 1
18 2 -83 0 1
8 0 -81 0 1
8 0 -73 0 1
18 3 -83 0 1
17 4 -87 0 1
17 4 -86 0 1
17 4 -85 0 1
17 4 -84 0 1
16 4 -83 0 1
17 4 -82 0 1
17 4 -81 0 1
17 4 -80 0 1
17 4 -79 0 1
16 4 -78 0 1
17 4 -77 0 1
17 4 -76 0 1
17 4 -75 0 1
17 4 -74 0 1
16 4 -73 0 1
17 4 -72 0 1
18 3 -78 0 1
18 3 -73 0 1
3894 6 -79 0 1
3894 6 -77 0 1
3894 7 -86 0 1
3894 6 -78 0 1
8 0 -63 0 1
8 0 -67 0 1
18 2 -63 0 1
8 0 -69 0 1
8 0 -68 0 1
8 0 -64 0 1
8 0 -71 0 1
8 0 -65 0 1
8 0 -62 0 1
8 0 -57 0 1
8 0 -60 0 1
18 3 -63 0 1
8 0 -56 0 1
8 0 -70 0 1
8 0 -66 0 1
8 0 -58 0 1
8 0 -61 0 1
8 0 -59 0 1
18 1 -68 0 1
18 1 -58 0 1
18 2 -58 0 1
17 4 -71 0 1
17 4 -70 0 1
17 4 -69 0 1
16 4 -68 0 1
17 4 -67 0 1
17 4 -66 0 1
17 4 -65 0 1
17 4 -64 0 1
16 4 -63 0 1
17 4 -62 0 1
17 4 -61 0 1
17 4 -60 0 1
17 4 -59 0 1
16 4 -58 0 1
17 4 -57 0 1
17 4 -56 0 1
18 3 -58 0 1
18 3 -68 0 1
18 2 -68 0 1
18 1 -63 0 1
18 1 -43 0 1
8 0 -40 0 1
18 3 -43 0 1
18 2 -53 0 1
18 3 -53 0 1
8 0 -51 0 1
8 0 -43 0 1
3894 5 -55 0 1
8 0 -50 0 1
8 0 -46 0 1
8 0 -44 0 1
8 0 -49 0 1
8 0 -53 0 1
8 0 -41 0 1
8 0 -55 0 1
8 0 -52 0 1
8 0 -48 0 1
8 0 -47 0 1
8 0 -42 0 1
8 0 -45 0 1
8 0 -54 0 1
18 2 -48 0 1
18 1 -48 0 1
18 1 -53 0 1
17 4 -55 0 1
17 4 -54 0 1
16 4 -53 0 1
17 4 -52 0 1
17 4 -51 0 1
17 4 -50 0 1
17 4 -49 0 1
16 4 -48 0 1
17 4 -47 0 1
17 4 -46 0 1
17 4 -45 0 1
17 4 -44 0 1
16 4 -43 0 1
17 4 -42 0 1
17 4 -41 0 1
17 4 -40 0 1
18 3 -48 0 1
18 2 -43 0 1
3894 7 -46 0 1
3894 7 -55 0 1
3894 6 -55 0 1
8 0 -26 0 1
18 1 -28 0 1
8 0 -37 0 1
3894 6 -39 0 1
3894 7 -32 0 1
8 0 -30 0 1
8 0 -36 0 1
18 2 -28 0 1
3894 5 -32 0 1
8 0 -33 0 1
18 3 -38 0 1
18 2 -33 0 1
8 0 -35 0 1
8 0 -24 0 1
18 3 -28 0 1
8 0 -34 0 1
8 0 -38 0 1
8 0 -32 0 1
8 0 -31 0 1
8 0 -39 0 1
8 0 -25 0 1
8 0 -28 0 1
8 0 -27 0 1
8 0 -29 0 1
17 4 -39 0 1
16 4 -38 0 1
17 4 -37 0 1
17 4 -36 0 1
17 4 -35 0 1
17 4 -34 0 1
16 4 -33 0 1
17 4 -32 0 1
17 4 -31 0 1
17 4 -30 0 1
17 4 -29 0 1
16 4 -28 0 1
17 4 -27 0 1
17 4 -26 0 1
17 4 -25 0 1
17 4 -24 0 1
18 3 -33 0 1
18 1 -33 0 1
18 2 -38 0 1
18 1 -38 0 1
3894 5 -38 0 1
3894 6 -32 0 1
3894 7 -25 0 1
8 0 -22 0 1
8 0 -15 0 1
8 0 -13 0 1
8 0 -18 0 1
16 4 -23 0 1
8 0 -16 0 1
8 0 -9 0 1
8 0 -10 0 1
8 0 -20 0 1
8 0 -12 0 1
8 0 -8 0 1
18 3 -23 0 1
8 0 -21 0 1
8 0 -11 0 1
8 0 -23 0 1
8 0 -17 0 1
8 0 -14 0 1
8 0 -19 0 1
18 2 -23 0 1
18 1 -23 0 1
14 3 0 0 1
7 5 0 0 1
7 4 0 0 1
8 0 -6 0 1
10 1 0 0 1
8 0 -3 0 1
7 7 0 0 1
8 0 -1 0 1
8 0 -2 0 1
8 0 -7 0 1
8 0 -5 0 1
8 0 -4 0 1
8 0 0 0 1
14 6 0 0 1
7 2 0 0 1
28 8 -143 0 1
12579 10 -139 0 1
3484 10 -139 0 1
28 9 -143 0 1
28 10 -143 0 1
28 11 -143 0 1
28 12 -143 0 1
28 13 -143 0 1
28 14 -143 0 1
28 15 -143 0 1
28 16 -143 0 1
28 17 -143 0 1
28 18 -143 0 1
28 19 -143 0 1
28 20 -143 0 1
28 21 -143 0 1
28 22 -143 0 1
28 23 -143 0 1
2519 19 -126 6 1
2938 21 -130 0 1
5627 20 -127 6 1
4634 8 -131 45 1
2519 19 -128 6 1
11537 11 -133 45 1
2901 23 -129 0 1
2898 18 -130 0 1
2938 20 -127 0 1
2861 10 -127 5 1
2938 19 -130 0 1
2938 21 -133 0 1
2938 21 -132 0 1
5640 22 -127 8 1
2787 9 -130 5 1
2901 23 -133 0 1
2938 19 -131 0 1
4161 21 -131 6 1
5640 22 -129 6 1
2519 21 -131 6 1
6257 16 -121 0 1
2901 23 -131 0 1
2793 9 -131 5 1
2938 20 -133 0 1
2938 22 -131 0 1
2794 8 -130 5 1
2938 20 -131 0 1
4155 21 -127 6 1
5627 21 -130 6 1
5640 19 -130 6 1
5634 20 -132 6 1
4634 11 -131 45 1
2299 17 -122 0 1
2938 20 -128 0 1
2937 22 -133 0 1
4632 12 -133 45 1
2938 20 -129 0 1
2792 8 -132 5 1
2938 21 -129 0 1
2935 19 -126 0 1
2287 20 -122 0 1
2289 22 -122 0 1
2938 20 -132 0 1
2938 21 -127 0 1
2861 12 -127 5 1
2553 19 -128 6 1
2519 22 -129 6 1
2790 9 -132 5 1
2553 19 -132 6 1
2936 22 -128 0 1
2861 8 -127 5 1
2936 20 -126 0 1
2549 22 -127 7 1
4634 9 -131 45 1
2549 22 -131 7 1
2938 19 -133 0 1
2938 22 -129 0 1
2519 19 -132 6 1
193 8 -128 0 1
1709 8 -129 25 1
2519 22 -131 6 1
2938 22 -127 0 1
2549 19 -130 7 1
2549 19 -128 7 1
2553 22 -127 6 1
5640 19 -132 6 1
5634 21 -129 6 1
2938 21 -126 0 1
2519 22 -127 6 1
2938 21 -128 0 1
2936 22 -130 0 1
2936 22 -126 0 1
2489 20 -130 7 1
2938 19 -127 0 1
2936 22 -132 0 1
2549 22 -129 7 1
4155 21 -127 7 1
2519 20 -130 6 1
2519 19 -130 6 1
2519 22 -133 6 1
2549 22 -133 7 1
2553 22 -129 6 1
2553 19 -130 6 1
2861 11 -127 5 1
4634 12 -131 45 1
2938 19 -129 0 1
2553 19 -126 6 1
2898 18 -132 0 1
2898 18 -128 0 1
4632 10 -133 45 1
4161 20 -129 6 1
2901 23 -127 0 1
2795 8 -131 5 1
2519 20 -129 6 1
2938 19 -132 0 1
2549 19 -132 7 1
2938 19 -128 0 1
2289 18 -122 0 1
2899 20 -134 0 1
2938 20 -130 0 1
2289 16 -122 0 1
4634 13 -131 45 1
4155 21 -127 8 1
2299 23 -122 0 1
2299 19 -122 0 1
2553 22 -131 6 1
2491 21 -128 6 1
2549 19 -126 7 1
4155 20 -131 6 1
2938 21 -131 0 1
4634 10 -131 45 1
2861 9 -127 5 1
2898 18 -126 0 1
4155 20 -131 7 1
5951 8 -116 0 1
28 22 -107 0 1
5950 8 -115 0 1
5941 10 -114 0 1
28 21 -107 0 1
30 16 -107 0 1
17 11 -107 0 1
18 15 -107 0 1
17 11 -106 0 1
5943 10 -116 0 1
5939 9 -113 0 1
17 11 -104 0 1
17 11 -105 0 1
28 23 -107 0 1
8 15 -105 0 1
5947 8 -114 0 1
18 15 -108 0 1
5942 10 -115 0 1
5938 8 -113 0 1
5944 9 -116 0 1
28 19 -107 0 1
8 15 -106 0 1
8 15 -104 0 1
18 14 -108 0 1
28 20 -107 0 1
18 13 -108 0 1
5945 9 -115 0 1
5940 10 -113 0 1
5946 9 -114 0 1
18 12 -108 0 1
28 18 -107 0 1
28 17 -107 0 1
18 14 -103 0 1
18 12 -93 0 1
8 15 -98 0 1
18 14 -88 0 1
17 11 -89 0 1
18 13 -103 0 1
8 15 -96 0 1
18 14 -98 0 1
8 15 -100 0 1
17 11 -103 0 1
8 15 -99 0 1
17 11 -93 0 1
17 11 -99 0 1
8 15 -88 0 1
8 15 -97 0 1
8 15 -93 0 1
8 15 -94 0 1
8 15 -103 0 1
18 13 -88 0 1
17 11 -95 0 1
18 13 -98 0 1
3894 8 -92 0 1
17 11 -100 0 1
17 11 -98 0 1
17 11 -91 0 1
8 15 -90 0 1
17 11 -94 0 1
8 15 -95 0 1
17 11 -88 0 1
17 11 -102 0 1
17 11 -101 0 1
17 11 -92 0 1
17 11 -96 0 1
8 15 -91 0 1
8 15 -89 0 1
8 15 -101 0 1
8 15 -102 0 1
8 15 -92 0 1
17 11 -97 0 1
17 11 -90 0 1
18 12 -88 0 1
18 14 -93 0 1
18 12 -103 0 1
18 13 -93 0 1
18 12 -98 0 1
8 15 -76 0 1
17 11 -85 0 1
3894 9 -80 0 1
17 11 -86 0 1
8 15 -87 0 1
8 15 -77 0 1
18 12 -73 0 1
8 15 -82 0 1
8 15 -78 0 1
18 12 -83 0 1
18 14 -73 0 1
8 15 -86 0 1
8 15 -85 0 1
18 12 -78 0 1
8 15 -74 0 1
3894 10 -73 0 1
17 11 -87 0 1
8 15 -73 0 1
3894 9 -77 0 1
8 15 -84 0 1
8 15 -72 0 1
8 15 -75 0 1
18 14 -83 0 1
8 15 -81 0 1
8 15 -79 0 1
8 15 -80 0 1
17 11 -83 0 1
8 15 -83 0 1
17 11 -82 0 1
17 11 -84 0 1
18 13 -78 0 1
17 11 -81 0 1
17 11 -80 0 1
17 11 -79 0 1
17 11 -78 0 1
17 11 -77 0 1
17 11 -76 0 1
17 11 -75 0 1
17 11 -74 0 1
17 11 -73 0 1
17 11 -72 0 1
18 13 -73 0 1
18 14 -78 0 1
18 13 -83 0 1
3894 9 -78 0 1
3894 9 -86 0 1
3894 8 -86 0 1
3894 10 -76 0 1
3894 9 -79 0 1
8 15 -71 0 1
3894 10 -61 0 1
18 12 -68 0 1
8 15 -60 0 1
8 15 -65 0 1
8 15 -56 0 1
18 14 -63 0 1
8 15 -67 0 1
8 15 -58 0 1
8 15 -70 0 1
8 15 -62 0 1
8 15 -68 0 1
8 15 -63 0 1
8 15 -61 0 1
8 15 -66 0 1
8 15 -57 0 1
8 15 -69 0 1
18 13 -63 0 1
8 15 -64 0 1
3894 10 -63 0 1
8 15 -59 0 1
18 12 -63 0 1
17 11 -71 0 1
17 11 -70 0 1
17 11 -69 0 1
17 11 -68 0 1
17 11 -67 0 1
17 11 -66 0 1
17 11 -65 0 1
17 11 -64 0 1
17 11 -63 0 1
17 11 -62 0 1
17 11 -61 0 1
17 11 -60 0 1
17 11 -59 0 1
17 11 -58 0 1
17 11 -57 0 1
17 11 -56 0 1
18 13 -58 0 1
18 14 -58 0 1
18 13 -68 0 1
18 12 -58 0 1
18 14 -68 0 1
3894 9 -63 0 1
3894 8 -63 0 1
8 15 -54 0 1
8 15 -49 0 1
8 15 -47 0 1
18 13 -48 0 1
8 15 -48 0 1
8 15 -51 0 1
18 14 -53 0 1
18 14 -48 0 1
8 15 -52 0 1
18 13 -53 0 1
8 15 -53 0 1
18 13 -43 0 1
8 15 -55 0 1
8 15 -45 0 1
8 15 -46 0 1
18 12 -53 0 1
18 12 -48 0 1
8 15 -50 0 1
8 15 -44 0 1
8 15 -43 0 1
8 15 -42 0 1
8 15 -41 0 1
8 15 -40 0 1
17 11 -55 0 1
17 11 -54 0 1
17 11 -53 0 1
17 11 -52 0 1
17 11 -51 0 1
17 11 -50 0 1
17 11 -49 0 1
17 11 -48 0 1
17 11 -47 0 1
17 11 -46 0 1
17 11 -45 0 1
17 11 -44 0 1
17 11 -43 0 1
17 11 -42 0 1
17 11 -41 0 1
17 11 -40 0 1
18 12 -43 0 1
18 14 -43 0 1
3894 8 -46 0 1
3894 8 -55 0 1
3894 8 -32 0 1
3894 8 -25 0 1
3894 9 -25 0 1
18 13 -28 0 1
18 12 -38 0 1
18 14 -33 0 1
18 13 -33 0 1
1 8 -39 0 1
8 15 -39 0 1
8 15 -38 0 1
8 15 -37 0 1
8 15 -36 0 1
8 15 -35 0 1
8 15 -34 0 1
8 15 -33 0 1
8 15 -32 0 1
8 15 -31 0 1
8 15 -30 0 1
8 15 -29 0 1
8 15 -28 0 1
8 15 -27 0 1
8 15 -26 0 1
8 15 -25 0 1
8 15 -24 0 1
17 11 -39 0 1
17 11 -38 0 1
17 11 -37 0 1
17 11 -36 0 1
17 11 -35 0 1
17 11 -34 0 1
17 11 -33 0 1
17 11 -32 0 1
17 11 -31 0 1
17 11 -30 0 1
17 11 -29 0 1
17 11 -28 0 1
17 11 -27 0 1
17 11 -26 0 1
17 11 -25 0 1
17 11 -24 0 1
18 13 -38 0 1
18 12 -28 0 1
18 14 -38 0 1
18 12 -33 0 1
18 14 -28 0 1
3894 10 -25 0 1
3894 9 -39 0 1
3894 10 -38 0 1
18 13 -23 0 1
8 15 -23 0 1
8 15 -22 0 1
8 15 -21 0 1
8 15 -20 0 1
8 15 -19 0 1
8 15 -18 0 1
8 15 -17 0 1
8 15 -16 0 1
8 15 -15 0 1
8 15 -14 0 1
8 15 -13 0 1
8 15 -12 0 1
8 15 -11 0 1
8 15 -10 0 1
8 15 -9 0 1
8 15 -8 0 1
17 11 -23 0 1
18 12 -23 0 1
18 14 -23 0 1
7 14 0 0 1
7 11 0 0 1
14 12 0 0 1
7 8 0 0 1
14 9 0 0 1
8 15 -7 0 1
8 15 -6 0 1
8 15 -5 0 1
8 15 -4 0 1
8 15 -3 0 1
8 15 -2 0 1
8 15 -1 0 1
12 15 0 0 1
13 15 0 0 1
7 10 0 0 1
7 13 0 0 1
27 26 -136 0 1
27 26 -139 0 1
27 26 -137 0 1
27 26 -140 0 1
27 26 -141 0 1
27 26 -138 0 1
28 24 -143 0 1
33 26 -143 0 1
31 26 -142 0 1
28 24 -143 0 1
28 25 -143 0 1
27 26 -125 0 1
27 26 -124 0 1
27 26 -126 0 1
27 26 -132 0 1
27 26 -121 0 1
27 26 -122 0 1
27 26 -131 0 1
27 26 -120 0 1
27 26 -128 0 1
2289 24 -122 0 1
27 26 -123 0 1
27 26 -130 0 1
27 26 -135 0 1
2299 25 -122 0 1
27 26 -129 0 1
27 26 -133 0 1
27 26 -127 0 1
27 26 -134 0 1
27 26 -118 0 1
27 26 -112 0 1
27 26 -111 0 1
27 26 -113 0 1
27 26 -117 0 1
28 24 -107 0 1
32 26 -107 0 1
29 26 -107 0 1
27 26 -109 0 1
28 25 -107 0 1
27 26 -114 0 1
27 26 -119 0 1
27 26 -116 0 1
27 26 -110 0 1
27 26 -115 0 1
28 26 -107 0 1
27 26 -108 0 1
1 8 -128 0 1
39 1 -134 0 1
29 1 -134 5 1
29 1 -134 25 1
298 1 -134 45 1
38 1 -133 0 1
27 1 -133 5 1
27 1 -133 25 1
311 1 -133 45 1
38 1 -132 0 1
27 1 -132 5 1
27 1 -132 25 1
311 1 -132 45 1
38 1 -131 0 1
35 1 -131 5 1
35 1 -131 25 1
315 1 -131 45 1
38 1 -130 0 1
27 1 -130 5 1
27 1 -130 25 1
311 1 -130 45 1
38 1 -129 0 1
27 1 -129 5 1
27 1 -129 25 1
311 1 -129 45 1
38 1 -128 0 1
27 1 -128 5 1
27 1 -128 25 1
311 1 -128 45 1
38 1 -127 0 1
27 1 -127 5 1
27 1 -127 25 1
315 1 -127 45 1
38 1 -126 0 1
27 1 -126 5 1
27 1 -126 25 1
311 1 -126 45 1
38 1 -125 0 1
35 1 -125 5 1
27 1 -125 25 1
311 1 -125 45 1
38 1 -124 0 1
27 1 -124 5 1
35 1 -124 25 1
311 1 -124 45 1
38 1 -123 0 1
27 1 -123 5 1
27 1 -123 25 1
315 1 -123 45 1
38 1 -122 0 1
27 1 -122 5 1
27 1 -122 25 1
308 1 -122 45 1
37 2 -134 0 1
28 2 -134 5 1
28 2 -134 25 1
310 2 -134 45 1
1196 2 -133 5 1
1194 2 -133 25 1
1194 2 -133 45 1
1167 2 -133 65 1
1488 2 -133 65 1
1195 2 -132 5 1
1195 2 -132 25 1
1194 2 -132 45 1
1167 2 -132 65 1
1488 2 -132 68 1
1195 2 -131 5 1
1195 2 -131 25 1
1194 2 -131 45 1
1167 2 -131 65 1
1488 2 -131 71 1
1196 2 -130 5 1
1193 2 -130 25 1
1196 2 -130 45 1
1167 2 -130 65 1
1487 2 -130 71 1
1194 2 -129 5 1
1195 2 -129 25 1
1196 2 -129 45 1
310 2 -129 45 1
1167 2 -129 65 1
1487 2 -129 68 1
1195 2 -128 5 1
28 2 -128 5 1
1193 2 -128 25 1
28 2 -128 25 1
1193 2 -128 45 1
1167 2 -128 65 1
1477 2 -128 65 1
1196 2 -127 5 1
1194 2 -127 25 1
1195 2 -127 45 1
1167 2 -127 65 1
1476 2 -127 65 1
1195 2 -126 5 1
1196 2 -126 25 1
1195 2 -126 45 1
1167 2 -126 65 1
1476 2 -126 65 1
1196 2 -125 5 1
1193 2 -125 25 1
1193 2 -125 45 1
1167 2 -125 65 1
1476 2 -125 65 1
1195 2 -124 5 1
1196 2 -124 25 1
1195 2 -124 45 1
1167 2 -124 65 1
1476 2 -124 65 1
1194 2 -123 5 1
1194 2 -123 25 1
1196 2 -123 45 1
1167 2 -123 65 1
1476 2 -123 65 1
37 2 -122 0 1
1194 2 -122 5 1
28 2 -122 5 1
1194 2 -122 25 1
28 2 -122 25 1
1195 2 -122 45 1
310 2 -122 45 1
1167 2 -122 65 1
1476 2 -122 65 1
1856 2 -121 0 1
2972 2 -121 5 1
1476 2 -121 65 1
37 3 -134 0 1
28 3 -134 5 1
28 3 -134 25 1
310 3 -134 45 1
1194 3 -133 5 1
1193 3 -133 25 1
1193 3 -133 45 1
1167 3 -133 65 1
1488 3 -133 65 1
1196 3 -132 5 1
1196 3 -132 25 1
1195 3 -132 45 1
1167 3 -132 65 1
1488 3 -132 68 1
1195 3 -131 5 1
1194 3 -131 25 1
1196 3 -131 45 1
1167 3 -131 65 1
1488 3 -131 71 1
1196 3 -130 5 1
1194 3 -130 25 1
1194 3 -130 45 1
1167 3 -130 65 1
1487 3 -130 71 1
1196 3 -129 5 1
1195 3 -129 25 1
1194 3 -129 45 1
318 3 -129 45 1
1167 3 -129 65 1
1477 3 -129 68 1
1194 3 -128 5 1
28 3 -128 5 1
1196 3 -128 25 1
28 3 -128 25 1
1193 3 -128 45 1
1167 3 -128 65 1
1476 3 -128 68 1
1195 3 -127 5 1
1193 3 -127 25 1
1195 3 -127 45 1
1167 3 -127 65 1
1476 3 -127 68 1
1194 3 -126 5 1
1196 3 -126 25 1
1194 3 -126 45 1
1167 3 -126 65 1
1476 3 -126 68 1
1195 3 -125 5 1
1195 3 -125 25 1
1195 3 -125 45 1
1167 3 -125 65 1
1476 3 -125 68 1
1193 3 -124 5 1
1194 3 -124 25 1
1194 3 -124 45 1
1167 3 -124 65 1
1476 3 -124 68 1
1196 3 -123 5 1
1193 3 -123 25 1
1194 3 -123 45 1
1167 3 -123 65 1
1476 3 -123 68 1
1198 3 -122 5 1
44 3 -122 5 1
1193 3 -122 25 1
28 3 -122 25 1
1193 3 -122 45 1
314 3 -122 45 1
1167 3 -122 65 1
330 3 -122 65 1
1476 3 -122 68 1
1849 3 -121 0 1
1476 3 -121 68 1
37 4 -134 0 1
28 4 -134 5 1
34 4 -134 25 1
310 4 -134 45 1
1195 4 -133 5 1
1194 4 -133 25 1
1194 4 -133 45 1
1167 4 -133 65 1
1488 4 -133 65 1
1193 4 -132 5 1
1194 4 -132 25 1
1193 4 -132 45 1
1167 4 -132 65 1
1488 4 -132 68 1
1195 4 -131 5 1
1193 4 -131 25 1
1193 4 -131 45 1
1167 4 -131 65 1
1488 4 -131 71 1
1193 4 -130 5 1
1193 4 -130 25 1
1196 4 -130 45 1
1167 4 -130 65 1
1477 4 -130 71 1
1193 4 -129 5 1
1193 4 -129 25 1
1194 4 -129 45 1
1167 4 -129 65 1
1476 4 -129 71 1
1194 4 -128 5 1
1195 4 -128 25 1
28 4 -128 25 1
1194 4 -128 45 1
1167 4 -128 65 1
1476 4 -128 71 1
1193 4 -127 5 1
1195 4 -127 25 1
1194 4 -127 45 1
1167 4 -127 65 1
1476 4 -127 71 1
1193 4 -126 5 1
1196 4 -126 25 1
1193 4 -126 45 1
1167 4 -126 65 1
1476 4 -126 71 1
1194 4 -125 5 1
1194 4 -125 25 1
1194 4 -125 45 1
1167 4 -125 65 1
1476 4 -125 71 1
1193 4 -124 5 1
1196 4 -124 25 1
1193 4 -124 45 1
1167 4 -124 65 1
1476 4 -124 71 1
1195 4 -123 5 1
1194 4 -123 25 1
1196 4 -123 45 1
1167 4 -123 65 1
1476 4 -123 71 1
1198 4 -122 5 1
1193 4 -122 25 1
10670 4 -122 25 1
1193 4 -122 45 1
310 4 -122 45 1
1167 4 -122 65 1
330 4 -122 65 1
1476 4 -122 71 1
1849 4 -121 0 1
1476 4 -121 71 1
37 5 -134 0 1
34 5 -134 5 1
28 5 -134 25 1
314 5 -134 45 1
1195 5 -133 5 1
1195 5 -133 25 1
1193 5 -133 45 1
1167 5 -133 65 1
1488 5 -133 65 1
1194 5 -132 5 1
1195 5 -132 25 1
1194 5 -132 45 1
1167 5 -132 65 1
1488 5 -132 68 1
1195 5 -131 5 1
1194 5 -131 25 1
1195 5 -131 45 1
1167 5 -131 65 1
1488 5 -131 71 1
1193 5 -130 5 1
1195 5 -130 25 1
1194 5 -130 45 1
1167 5 -130 65 1
1480 5 -130 71 1
1194 5 -129 5 1
1195 5 -129 25 1
1196 5 -129 45 1
319 5 -129 45 1
1167 5 -129 65 1
1475 5 -129 71 1
1193 5 -128 5 1
1193 5 -128 25 1
1193 5 -128 45 1
1167 5 -128 65 1
1475 5 -128 71 1
1194 5 -127 5 1
1196 5 -127 25 1
1195 5 -127 45 1
1167 5 -127 65 1
1475 5 -127 71 1
1194 5 -126 5 1
1194 5 -126 25 1
1195 5 -126 45 1
1167 5 -126 65 1
1475 5 -126 71 1
1195 5 -125 5 1
1195 5 -125 25 1
1194 5 -125 45 1
1167 5 -125 65 1
1475 5 -125 71 1
1193 5 -124 5 1
1195 5 -124 25 1
1195 5 -124 45 1
1167 5 -124 65 1
1475 5 -124 71 1
1193 5 -123 5 1
1194 5 -123 25 1
1196 5 -123 45 1
1167 5 -123 65 1
1475 5 -123 71 1
1198 5 -122 5 1
41 5 -122 5 1
1194 5 -122 25 1
28 5 -122 25 1
1196 5 -122 45 1
314 5 -122 45 1
1167 5 -122 65 1
330 5 -122 65 1
1475 5 -122 71 1
1849 5 -121 0 1
1475 5 -121 71 1
37 6 -134 0 1
28 6 -134 5 1
28 6 -134 25 1
310 6 -134 45 1
1193 6 -133 5 1
1193 6 -133 25 1
1194 6 -133 45 1
1167 6 -133 65 1
1488 6 -133 65 1
1194 6 -132 5 1
1193 6 -132 25 1
1195 6 -132 45 1
1167 6 -132 65 1
1488 6 -132 68 1
1194 6 -131 5 1
1194 6 -131 25 1
1196 6 -131 45 1
1167 6 -131 65 1
1488 6 -131 71 1
1195 6 -130 5 1
1196 6 -130 25 1
1193 6 -130 45 1
1167 6 -130 65 1
1487 6 -130 71 1
1196 6 -129 5 1
1196 6 -129 25 1
1193 6 -129 45 1
310 6 -129 45 1
1167 6 -129 65 1
1480 6 -129 68 1
1193 6 -128 5 1
28 6 -128 5 1
1196 6 -128 25 1
28 6 -128 25 1
1193 6 -128 45 1
311 6 -128 45 1
1167 6 -128 65 1
1475 6 -128 68 1
1195 6 -127 5 1
1193 6 -127 25 1
1194 6 -127 45 1
311 6 -127 45 1
1167 6 -127 65 1
1475 6 -127 68 1
1196 6 -126 5 1
1194 6 -126 25 1
1196 6 -126 45 1
311 6 -126 45 1
1167 6 -126 65 1
1475 6 -126 68 1
1195 6 -125 5 1
1196 6 -125 25 1
1193 6 -125 45 1
320 6 -125 45 1
1167 6 -125 65 1
1475 6 -125 68 1
1195 6 -124 5 1
1195 6 -124 25 1
1196 6 -124 45 1
1167 6 -124 65 1
1475 6 -124 68 1
1196 6 -123 5 1
1196 6 -123 25 1
1194 6 -123 45 1
317 6 -123 45 1
1167 6 -123 65 1
1475 6 -123 68 1
37 6 -122 0 1
37 6 -122 0 1
1198 6 -122 5 1
34 6 -122 5 1
1196 6 -122 25 1
28 6 -122 25 1
1195 6 -122 45 1
306 6 -122 45 1
1167 6 -122 65 1
1475 6 -122 68 1
1849 6 -121 0 1
1475 6 -121 68 1
37 7 -134 0 1
28 7 -134 5 1
28 7 -134 25 1
310 7 -134 45 1
1196 7 -133 5 1
1194 7 -133 25 1
1193 7 -133 45 1
1167 7 -133 65 1
1488 7 -133 65 1
1193 7 -132 5 1
1193 7 -132 25 1
1195 7 -132 45 1
1167 7 -132 65 1
1488 7 -132 68 1
1193 7 -131 5 1
1195 7 -131 25 1
1194 7 -131 45 1
1167 7 -131 65 1
1488 7 -131 71 1
1196 7 -130 5 1
1194 7 -130 25 1
1194 7 -130 45 1
1167 7 -130 65 1
1487 7 -130 71 1
1195 7 -129 5 1
1193 7 -129 25 1
1193 7 -129 45 1
310 7 -129 45 1
1167 7 -129 65 1
1487 7 -129 68 1
1193 7 -128 5 1
28 7 -128 5 1
1195 7 -128 25 1
28 7 -128 25 1
1195 7 -128 45 1
1480 7 -128 65 1
1194 7 -127 5 1
1196 7 -127 25 1
1194 7 -127 45 1
1475 7 -127 65 1
1196 7 -126 5 1
1195 7 -126 25 1
1195 7 -126 45 1
1475 7 -126 65 1
1196 7 -125 5 1
1196 7 -125 25 1
1195 7 -125 45 1
1475 7 -125 65 1
1196 7 -124 5 1
1195 7 -124 25 1
1195 7 -124 45 1
1475 7 -124 65 1
1193 7 -123 5 1
1196 7 -123 25 1
1194 7 -123 45 1
1475 7 -123 65 1
1198 7 -122 5 1
44 7 -122 5 1
1194 7 -122 25 1
28 7 -122 25 1
1196 7 -122 45 1
47 7 -122 45 1
1475 7 -122 65 1
1849 7 -121 0 1
1475 7 -121 65 1
37 8 -134 0 1
28 8 -134 5 1
28 8 -134 25 1
310 8 -134 45 1
1194 8 -133 5 1
1193 8 -133 25 1
27 8 -133 25 1
1195 8 -133 45 1
1167 8 -133 65 1
1488 8 -133 65 1
1193 8 -132 5 1
1194 8 -132 25 1
27 8 -132 25 1
1195 8 -132 45 1
1167 8 -132 65 1
1488 8 -132 68 1
1196 8 -131 5 1
1195 8 -131 25 1
27 8 -131 25 1
1196 8 -131 45 1
1167 8 -131 65 1
1488 8 -131 71 1
1194 8 -130 5 1
1196 8 -130 25 1
27 8 -130 25 1
1195 8 -130 45 1
1167 8 -130 65 1
1487 8 -130 71 1
1195 8 -129 5 1
1196 8 -129 25 1
1195 8 -129 45 1
310 8 -129 45 1
1167 8 -129 65 1
1487 8 -129 68 1
1196 8 -128 5 1
28 8 -128 5 1
1195 8 -128 25 1
28 8 -128 25 1
27 8 -128 25 1
1196 8 -128 45 1
1487 8 -128 65 1
1193 8 -127 5 1
1193 8 -127 25 1
27 8 -127 25 1
1194 8 -127 45 1
1194 8 -126 5 1
1195 8 -126 25 1
27 8 -126 25 1
1195 8 -126 45 1
1196 8 -125 5 1
1196 8 -125 25 1
27 8 -125 25 1
1195 8 -125 45 1
1195 8 -124 5 1
1195 8 -124 25 1
27 8 -124 25 1
1196 8 -124 45 1
1194 8 -123 5 1
1195 8 -123 25 1
27 8 -123 25 1
1194 8 -123 45 1
1198 8 -122 5 1
1193 8 -122 25 1
28 8 -122 25 1
27 8 -122 25 1
1194 8 -122 45 1
47 8 -122 45 1
1849 8 -121 0 1
37 9 -134 0 1
28 9 -134 5 1
34 9 -134 25 1
310 9 -134 45 1
1194 9 -133 5 1
1193 9 -133 25 1
1196 9 -133 45 1
1167 9 -133 65 1
1488 9 -133 65 1
1194 9 -132 5 1
1194 9 -132 25 1
1194 9 -132 45 1
1167 9 -132 65 1
1488 9 -132 68 1
1193 9 -131 5 1
1196 9 -131 25 1
1194 9 -131 45 1
1167 9 -131 65 1
1488 9 -131 71 1
1196 9 -130 5 1
1195 9 -130 25 1
1193 9 -130 45 1
1167 9 -130 65 1
1487 9 -130 71 1
1195 9 -129 5 1
1196 9 -129 25 1
1195 9 -129 45 1
310 9 -129 45 1
1167 9 -129 65 1
1487 9 -129 68 1
1195 9 -128 5 1
28 9 -128 5 1
1195 9 -128 25 1
1196 9 -128 45 1
1487 9 -128 65 1
1194 9 -127 5 1
1193 9 -127 25 1
1193 9 -127 45 1
1196 9 -126 5 1
1195 9 -126 25 1
1193 9 -126 45 1
1193 9 -125 5 1
1193 9 -125 25 1
28 9 -125 25 1
1194 9 -125 45 1
1193 9 -124 5 1
1195 9 -124 25 1
1848 9 -124 25 1
1848 9 -124 30 1
1848 9 -124 35 1
1848 9 -124 40 1
1196 9 -124 45 1
1195 9 -123 5 1
1194 9 -123 25 1
1848 9 -123 25 1
1848 9 -123 30 1
1848 9 -123 35 1
1848 9 -123 40 1
1195 9 -123 45 1
1198 9 -122 5 1
1195 9 -122 25 1
10670 9 -122 25 1
1193 9 -122 45 1
47 9 -122 45 1
1849 9 -121 0 1
37 10 -134 0 1
28 10 -134 5 1
28 10 -134 25 1
310 10 -134 45 1
1195 10 -133 5 1
1199 10 -133 25 1
2232 10 -133 25 1
1196 10 -133 45 1
1167 10 -133 65 1
1488 10 -133 65 1
1195 10 -132 5 1
1199 10 -132 25 1
2235 10 -132 25 1
1195 10 -132 45 1
1167 10 -132 65 1
1488 10 -132 68 1
1193 10 -131 5 1
1193 10 -131 25 1
1194 10 -131 45 1
1167 10 -131 65 1
1488 10 -131 71 1
1195 10 -130 5 1
1193 10 -130 25 1
1193 10 -130 45 1
1167 10 -130 65 1
1487 10 -130 71 1
1196 10 -129 5 1
1196 10 -129 25 1
1193 10 -129 45 1
314 10 -129 45 1
1167 10 -129 65 1
1487 10 -129 68 1
1193 10 -128 5 1
28 10 -128 5 1
1195 10 -128 25 1
1194 10 -128 45 1
1487 10 -128 65 1
1194 10 -127 5 1
1193 10 -127 25 1
1193 10 -127 45 1
1194 10 -126 5 1
1193 10 -126 25 1
1196 10 -126 45 1
1193 10 -125 5 1
1195 10 -125 25 1
28 10 -125 25 1
1196 10 -125 45 1
1196 10 -124 5 1
1196 10 -124 25 1
1848 10 -124 25 1
1848 10 -124 30 1
1848 10 -124 35 1
1848 10 -124 40 1
1199 10 -124 45 1
1195 10 -123 5 1
1194 10 -123 25 1
1848 10 -123 25 1
1848 10 -123 30 1
1848 10 -123 35 1
1848 10 -123 40 1
1199 10 -123 45 1
1198 10 -122 5 1
41 10 -122 5 1
1194 10 -122 25 1
28 10 -122 25 1
1194 10 -122 45 1
47 10 -122 45 1
1849 10 -121 0 1
37 11 -134 0 1
34 11 -134 5 1
28 11 -134 25 1
310 11 -134 45 1
1196 11 -133 5 1
1852 11 -133 5 1
1196 11 -133 45 1
1167 11 -133 65 1
1488 11 -133 65 1
1194 11 -132 5 1
1852 11 -132 5 1
1193 11 -132 45 1
1167 11 -132 65 1
1488 11 -132 68 1
1193 11 -131 5 1
1200 11 -131 25 1
2236 11 -131 25 1
1193 11 -131 45 1
1167 11 -131 65 1
1488 11 -131 71 1
1196 11 -130 5 1
1193 11 -130 25 1
1195 11 -130 45 1
1167 11 -130 65 1
1487 11 -130 71 1
1193 11 -129 5 1
1193 11 -129 25 1
1193 11 -129 45 1
310 11 -129 45 1
1167 11 -129 65 1
1487 11 -129 68 1
1195 11 -128 5 1
28 11 -128 5 1
1193 11 -128 25 1
1193 11 -128 45 1
1487 11 -128 65 1
1193 11 -127 5 1
1195 11 -127 25 1
1193 11 -127 45 1
1194 11 -126 5 1
1195 11 -126 25 1
1195 11 -126 45 1
1195 11 -125 5 1
1196 11 -125 25 1
28 11 -125 25 1
1198 11 -125 45 1
1193 11 -124 5 1
1194 11 -124 25 1
1848 11 -124 25 1
1848 11 -124 30 1
1848 11 -124 35 1
1850 11 -124 40 1
1196 11 -123 5 1
1194 11 -123 25 1
1848 11 -123 25 1
1848 11 -123 30 1
1848 11 -123 35 1
1850 11 -123 40 1
37 11 -122 0 1
1198 11 -122 5 1
34 11 -122 5 1
1194 11 -122 25 1
28 11 -122 25 1
1200 11 -122 45 1
47 11 -122 45 1
1849 11 -121 0 1
37 12 -134 0 1
28 12 -134 5 1
28 12 -134 25 1
314 12 -134 45 1
1195 12 -133 5 1
1848 12 -133 5 1
1852 12 -133 10 1
1193 12 -133 45 1
1167 12 -133 65 1
1488 12 -133 65 1
1195 12 -132 5 1
1848 12 -132 5 1
1852 12 -132 10 1
1194 12 -132 45 1
1167 12 -132 65 1
1488 12 -132 68 1
1194 12 -131 5 1
30 12 -131 5 1
1203 12 -131 25 1
2232 12 -131 25 1
2238 12 -131 25 1
1194 12 -131 45 1
1167 12 -131 65 1
1488 12 -131 71 1
1194 12 -130 5 1
27 12 -130 5 1
1199 12 -130 25 1
2235 12 -130 25 1
1195 12 -130 45 1
1167 12 -130 65 1
1487 12 -130 71 1
1194 12 -129 5 1
27 12 -129 5 1
1193 12 -129 25 1
1193 12 -129 45 1
310 12 -129 45 1
1167 12 -129 65 1
1487 12 -129 68 1
1196 12 -128 5 1
28 12 -128 5 1
27 12 -128 5 1
1193 12 -128 25 1
1195 12 -128 45 1
1487 12 -128 65 1
1193 12 -127 5 1
1193 12 -127 25 1
1193 12 -127 45 1
1193 12 -126 5 1
1195 12 -126 25 1
31 12 -126 25 1
1199 12 -126 45 1
1193 12 -125 5 1
1193 12 -125 25 1
27 12 -125 25 1
28 12 -125 25 1
1201 12 -125 45 1
1194 12 -124 5 1
1193 12 -124 25 1
1848 12 -124 25 1
1848 12 -124 30 1
1850 12 -124 35 1
1193 12 -123 5 1
1195 12 -123 25 1
1848 12 -123 25 1
1848 12 -123 30 1
1850 12 -123 35 1
1198 12 -122 5 1
44 12 -122 5 1
1193 12 -122 25 1
28 12 -122 25 1
1200 12 -122 45 1
47 12 -122 45 1
1849 12 -121 0 1
37 13 -134 0 1
28 13 -134 5 1
34 13 -134 25 1
310 13 -134 45 1
1194 13 -133 5 1
1848 13 -133 5 1
1848 13 -133 10 1
1196 13 -133 45 1
1167 13 -133 65 1
1488 13 -133 65 1
1194 13 -132 5 1
1848 13 -132 5 1
1848 13 -132 10 1
1194 13 -132 45 1
1167 13 -132 65 1
1488 13 -132 68 1
1193 13 -131 5 1
1848 13 -131 5 1
1848 13 -131 10 1
1851 13 -131 15 1
1196 13 -131 45 1
1167 13 -131 65 1
1488 13 -131 71 1
1193 13 -130 5 1
1848 13 -130 5 1
1848 13 -130 10 1
1848 13 -130 15 1
1851 13 -130 20 1
1196 13 -130 45 1
1167 13 -130 65 1
1487 13 -130 71 1
1193 13 -129 5 1
1848 13 -129 5 1
1848 13 -129 10 1
1848 13 -129 15 1
1848 13 -129 20 1
1200 13 -129 25 1
1193 13 -129 45 1
310 13 -129 45 1
1167 13 -129 65 1
1487 13 -129 68 1
1196 13 -128 5 1
28 13 -128 5 1
1193 13 -128 25 1
1195 13 -128 45 1
1487 13 -128 65 1
1196 13 -127 5 1
1194 13 -127 25 1
1198 13 -127 45 1
1195 13 -126 5 1
1193 13 -126 25 1
1851 13 -126 25 1
1193 13 -125 5 1
1194 13 -125 25 1
1848 13 -125 25 1
1851 13 -125 30 1
1194 13 -124 5 1
1194 13 -124 25 1
1848 13 -124 25 1
1848 13 -124 30 1
1194 13 -123 5 1
1195 13 -123 25 1
1848 13 -123 25 1
1848 13 -123 30 1
1198 13 -122 5 1
1196 13 -122 25 1
10670 13 -122 25 1
1200 13 -122 45 1
47 13 -122 45 1
1849 13 -121 0 1
37 14 -134 0 1
28 14 -134 5 1
28 14 -134 25 1
310 14 -134 45 1
1196 14 -133 5 1
1848 14 -133 5 1
1848 14 -133 10 1
1193 14 -133 45 1
1167 14 -133 65 1
1488 14 -133 65 1
1193 14 -132 5 1
1848 14 -132 5 1
1848 14 -132 10 1
1195 14 -132 45 1
1167 14 -132 65 1
1488 14 -132 68 1
1194 14 -131 5 1
1848 14 -131 5 1
1848 14 -131 10 1
1851 14 -131 15 1
1195 14 -131 45 1
1167 14 -131 65 1
1488 14 -131 71 1
1195 14 -130 5 1
1848 14 -130 5 1
1848 14 -130 10 1
1848 14 -130 15 1
1851 14 -130 20 1
1196 14 -130 45 1
1167 14 -130 65 1
1487 14 -130 71 1
1196 14 -129 5 1
1848 14 -129 5 1
1848 14 -129 10 1
1848 14 -129 15 1
1848 14 -129 20 1
1200 14 -129 25 1
1195 14 -129 45 1
314 14 -129 45 1
1167 14 -129 65 1
1487 14 -129 68 1
1195 14 -128 5 1
28 14 -128 5 1
1195 14 -128 25 1
1193 14 -128 45 1
1487 14 -128 65 1
1194 14 -127 5 1
1195 14 -127 25 1
1198 14 -127 45 1
1196 14 -126 5 1
1196 14 -126 25 1
1851 14 -126 25 1
1195 14 -125 5 1
1194 14 -125 25 1
1848 14 -125 25 1
1851 14 -125 30 1
1196 14 -124 5 1
1194 14 -124 25 1
1848 14 -124 25 1
1848 14 -124 30 1
1195 14 -123 5 1
1195 14 -123 25 1
1848 14 -123 25 1
1848 14 -123 30 1
1198 14 -122 5 1
41 14 -122 5 1
1196 14 -122 25 1
28 14 -122 25 1
1200 14 -122 45 1
47 14 -122 45 1
1849 14 -121 0 1
37 15 -134 0 1
28 15 -134 5 1
28 15 -134 25 1
307 15 -134 45 1
38 15 -133 0 1
1193 15 -133 5 1
27 15 -133 5 1
1195 15 -133 25 1
27 15 -133 25 1
1195 15 -133 45 1
311 15 -133 45 1
1167 15 -133 65 1
1488 15 -133 65 1
38 15 -132 0 1
1195 15 -132 5 1
35 15 -132 5 1
1194 15 -132 25 1
27 15 -132 25 1
1196 15 -132 45 1
311 15 -132 45 1
1167 15 -132 65 1
331 15 -132 65 1
1488 15 -132 68 1
38 15 -131 0 1
1194 15 -131 5 1
27 15 -131 5 1
1194 15 -131 25 1
35 15 -131 25 1
1194 15 -131 45 1
315 15 -131 45 1
1167 15 -131 65 1
331 15 -131 65 1
1488 15 -131 71 1
38 15 -130 0 1
1195 15 -130 5 1
27 15 -130 5 1
1196 15 -130 25 1
27 15 -130 25 1
1193 15 -130 45 1
311 15 -130 45 1
1167 15 -130 65 1
331 15 -130 65 1
1487 15 -130 71 1
38 15 -129 0 1
1194 15 -129 5 1
35 15 -129 5 1
1193 15 -129 25 1
27 15 -129 25 1
1196 15 -129 45 1
306 15 -129 45 1
1167 15 -129 65 1
1487 15 -129 68 1
38 15 -128 0 1
1193 15 -128 5 1
27 15 -128 5 1
28 15 -128 5 1
1196 15 -128 25 1
27 15 -128 25 1
1194 15 -128 45 1
46 15 -128 45 1
1487 15 -128 65 1
38 15 -127 0 1
1195 15 -127 5 1
27 15 -127 5 1
1195 15 -127 25 1
27 15 -127 25 1
1194 15 -127 45 1
46 15 -127 45 1
38 15 -126 0 1
1196 15 -126 5 1
35 15 -126 5 1
1196 15 -126 25 1
27 15 -126 25 1
1197 15 -126 45 1
46 15 -126 45 1
38 15 -125 0 1
1194 15 -125 5 1
27 15 -125 5 1
1193 15 -125 25 1
27 15 -125 25 1
1197 15 -125 45 1
46 15 -125 45 1
38 15 -124 0 1
1195 15 -124 5 1
27 15 -124 5 1
1194 15 -124 25 1
35 15 -124 25 1
1197 15 -124 45 1
46 15 -124 45 1
38 15 -123 0 1
1195 15 -123 5 1
35 15 -123 5 1
1196 15 -123 25 1
27 15 -123 25 1
1197 15 -123 45 1
46 15 -123 45 1
37 15 -122 0 1
38 15 -122 0 1
1194 15 -122 5 1
26 15 -122 5 1
1195 15 -122 25 1
26 15 -122 25 1
1193 15 -122 45 1
45 15 -122 45 1
1854 15 -121 0 1
1488 16 -133 65 1
1488 16 -132 68 1
1488 16 -131 71 1
1487 16 -130 71 1
1487 16 -129 68 1
1487 16 -128 65 1
